0 0111 7
1 1001 9
2 0100 4
3 1000 8
4 1110 14
5 0111 7
6 1000 8
7 1000 8
8 0100 4
9 0110 6
10 0011 3
11 1000 8
12 1001 9
13 1001 9
14 0011 3
15 0110 6
16 1010 10
17 1011 11
18 0000 0
19 0010 2
20 1001 9
21 1111 15
22 0010 2
23 1010 10
24 1011 11
25 1101 13
26 1011 11
27 1111 15
28 1000 8
29 1110 14
30 0011 3
31 0010 2
32 1010 10
33 1110 14
34 1111 15
35 1100 12
36 0000 0
37 1000 8
38 0101 5
39 0000 0
40 0110 6
41 1111 15
42 0101 5
43 0000 0
44 1110 14
45 1111 15
46 0010 2
47 0111 7
48 0101 5
49 1010 10
50 0011 3
51 0101 5
52 0101 5
53 1011 11
54 0001 1
55 1000 8
56 0111 7
57 1100 12
58 0000 0
59 1111 15
60 0000 0
61 1111 15
62 1101 13
63 0111 7
64 1100 12
65 0011 3
66 1100 12
67 1110 14
68 0011 3
69 0110 6
70 1110 14
71 0000 0
72 1110 14
73 0001 1
74 0011 3
75 1101 13
76 0101 5
77 0011 3
78 0111 7
79 0100 4
80 1000 8
81 1100 12
82 1101 13
83 1011 11
84 0011 3
85 0100 4
86 1101 13
87 0010 2
88 0000 0
89 0001 1
90 0011 3
91 0010 2
92 1000 8
93 0001 1
94 0001 1
95 0111 7
96 0110 6
97 1001 9
98 1000 8
99 0101 5
100 1000 8
101 0110 6
102 0000 0
103 0001 1
104 1011 11
105 0111 7
106 1111 15
107 1011 11
108 0010 2
109 1000 8
110 0111 7
111 1010 10
112 0000 0
113 1010 10
114 1000 8
115 1110 14
116 0010 2
117 1110 14
118 1001 9
119 0010 2
120 0111 7
121 0100 4
122 0111 7
123 0110 6
124 0011 3
125 1100 12
126 1100 12
127 1000 8
128 0001 1
129 1100 12
130 0111 7
131 0110 6
132 1101 13
133 0010 2
134 0010 2
135 1111 15
136 1011 11
137 1101 13
138 0101 5
139 1110 14
140 1110 14
141 0111 7
142 0010 2
143 0101 5
144 0111 7
145 1111 15
146 0110 6
147 1011 11
148 1000 8
149 1010 10
150 0001 1
151 1000 8
152 1111 15
153 1011 11
154 0111 7
155 1100 12
156 0010 2
157 1101 13
158 1100 12
159 0100 4
160 0110 6
161 1110 14
162 0010 2
163 0011 3
164 1001 9
165 0010 2
166 1111 15
167 0010 2
168 1001 9
169 0100 4
170 1011 11
171 1111 15
172 1001 9
173 1000 8
174 1110 14
175 1100 12
176 0110 6
177 0100 4
178 1010 10
179 0011 3
180 1011 11
181 0101 5
182 0001 1
183 0101 5
184 1011 11
185 0110 6
186 1100 12
187 1011 11
188 1010 10
189 1101 13
190 1101 13
191 1111 15
192 1100 12
193 0101 5
194 1011 11
195 1111 15
196 1110 14
197 1001 9
198 0100 4
199 1011 11
200 0110 6
201 1111 15
202 0101 5
203 1010 10
204 0010 2
205 1011 11
206 0001 1
207 0010 2
208 1011 11
209 0010 2
210 0101 5
211 0101 5
212 1000 8
213 0010 2
214 0011 3
215 1101 13
216 0001 1
217 1110 14
218 1001 9
219 1001 9
220 0101 5
221 1010 10
222 0011 3
223 1111 15
224 1011 11
225 0110 6
226 1100 12
227 0010 2
228 0100 4
229 0100 4
230 0000 0
231 0010 2
232 0011 3
233 1010 10
234 0111 7
235 0111 7
236 1101 13
237 1100 12
238 1101 13
239 1101 13
240 0100 4
241 1111 15
242 0001 1
243 0011 3
244 1110 14
245 0011 3
246 1011 11
247 0010 2
248 0100 4
249 1000 8
250 0000 0
251 1001 9
252 1100 12
253 1100 12
254 0100 4
255 0011 3
256 1001 9
257 1101 13
258 0011 3
259 0010 2
260 0101 5
261 1011 11
262 1011 11
263 0100 4
264 1000 8
265 0110 6
266 1101 13
267 1010 10
268 0110 6
269 1101 13
270 1101 13
271 1011 11
272 1111 15
273 1100 12
274 1110 14
275 1101 13
276 1010 10
277 0111 7
278 1000 8
279 0111 7
280 0010 2
281 1001 9
282 1111 15
283 1110 14
284 0001 1
285 1111 15
286 0101 5
287 0001 1
288 0001 1
289 0010 2
290 0100 4
291 1101 13
292 0101 5
293 0011 3
294 1111 15
295 1000 8
296 1001 9
297 1011 11
298 1111 15
299 1000 8
300 0101 5
301 0000 0
302 1101 13
303 0000 0
304 1001 9
305 1011 11
306 1010 10
307 1011 11
308 1111 15
309 0111 7
310 1111 15
311 1101 13
312 1011 11
313 1011 11
314 0110 6
315 1010 10
316 1011 11
317 0100 4
318 0101 5
319 0011 3
320 0100 4
321 0000 0
322 1000 8
323 1101 13
324 1111 15
325 1001 9
326 1010 10
327 0101 5
328 0111 7
329 0101 5
330 1110 14
331 0111 7
332 1100 12
333 0100 4
334 1111 15
335 0010 2
336 1010 10
337 0010 2
338 0101 5
339 0111 7
340 1110 14
341 1001 9
342 0000 0
343 0011 3
344 0010 2
345 1001 9
346 1110 14
347 1011 11
348 1110 14
349 1000 8
350 1110 14
351 0010 2
352 1001 9
353 0000 0
354 1111 15
355 1111 15
356 1010 10
357 0110 6
358 0101 5
359 1000 8
360 1110 14
361 0001 1
362 1001 9
363 1001 9
364 0110 6
365 0000 0
366 0001 1
367 1000 8
368 1001 9
369 1011 11
370 1010 10
371 0110 6
372 0100 4
373 0100 4
374 1101 13
375 1011 11
376 1110 14
377 1100 12
378 1110 14
379 1001 9
380 0111 7
381 0000 0
382 0011 3
383 0101 5
384 1100 12
385 0101 5
386 0011 3
387 0100 4
388 1010 10
389 1011 11
390 1101 13
391 0010 2
392 1100 12
393 1111 15
394 1001 9
395 1010 10
396 1000 8
397 0101 5
398 1011 11
399 1110 14
400 1110 14
401 1000 8
402 1110 14
403 1101 13
404 1010 10
405 1111 15
406 1100 12
407 0011 3
408 0101 5
409 0100 4
410 1000 8
411 0100 4
412 1110 14
413 1011 11
414 1100 12
415 0010 2
416 0100 4
417 1010 10
418 1110 14
419 0100 4
420 0010 2
421 1010 10
422 1110 14
423 1111 15
424 1111 15
425 0011 3
426 1000 8
427 0011 3
428 1110 14
429 1001 9
430 0111 7
431 1000 8
432 1100 12
433 0001 1
434 1010 10
435 1111 15
436 0100 4
437 1100 12
438 1110 14
439 1100 12
440 1101 13
441 0111 7
442 0011 3
443 1111 15
444 0111 7
445 1000 8
446 0011 3
447 1000 8
448 1011 11
449 1111 15
450 0110 6
451 0111 7
452 1111 15
453 1100 12
454 0011 3
455 1100 12
456 1111 15
457 1100 12
458 0010 2
459 1111 15
460 1001 9
461 0111 7
462 1001 9
463 0000 0
464 1001 9
465 1000 8
466 1011 11
467 1101 13
468 1100 12
469 0110 6
470 1001 9
471 0000 0
472 0110 6
473 0111 7
474 0010 2
475 0110 6
476 0100 4
477 1001 9
478 0100 4
479 1110 14
480 0111 7
481 1000 8
482 1000 8
483 1101 13
484 0001 1
485 1000 8
486 1110 14
487 0100 4
488 1100 12
489 0101 5
490 0000 0
491 1100 12
492 0111 7
493 1110 14
494 1010 10
495 0111 7
496 0000 0
497 0001 1
498 1110 14
499 1111 15
500 1011 11
501 1000 8
502 0100 4
503 0010 2
504 1011 11
505 1110 14
506 0000 0
507 0111 7
508 1110 14
509 1001 9
510 1011 11
511 0111 7
512 1000 8
513 0000 0
514 0101 5
515 0000 0
516 1010 10
517 1010 10
518 1001 9
519 1001 9
520 0101 5
521 0110 6
522 0000 0
523 0010 2
524 1011 11
525 0110 6
526 0100 4
527 1000 8
528 1111 15
529 0001 1
530 1011 11
531 0111 7
532 1011 11
533 1100 12
534 0010 2
535 1100 12
536 0101 5
537 1010 10
538 0100 4
539 1101 13
540 0011 3
541 0011 3
542 1010 10
543 1110 14
544 0010 2
545 0011 3
546 0011 3
547 1110 14
548 0000 0
549 1110 14
550 0100 4
551 1001 9
552 0110 6
553 0111 7
554 1010 10
555 1000 8
556 0010 2
557 1110 14
558 1110 14
559 0001 1
560 0001 1
561 1011 11
562 0001 1
563 0101 5
564 0110 6
565 1101 13
566 0100 4
567 0011 3
568 0101 5
569 1011 11
570 0111 7
571 0010 2
572 1011 11
573 1011 11
574 0010 2
575 1001 9
576 1100 12
577 0001 1
578 1001 9
579 0010 2
580 1001 9
581 1001 9
582 1100 12
583 1111 15
584 0001 1
585 0001 1
586 0000 0
587 0101 5
588 0100 4
589 1100 12
590 0101 5
591 1101 13
592 0101 5
593 1110 14
594 1010 10
595 1101 13
596 1111 15
597 0010 2
598 1101 13
599 0000 0
600 1101 13
601 0111 7
602 1101 13
603 1110 14
604 0011 3
605 0110 6
606 1000 8
607 1000 8
608 0100 4
609 1100 12
610 1101 13
611 0010 2
612 1001 9
613 1101 13
614 1000 8
615 1110 14
616 0001 1
617 1110 14
618 0001 1
619 0001 1
620 0101 5
621 0100 4
622 0000 0
623 0111 7
624 0010 2
625 0000 0
626 1110 14
627 1110 14
628 1000 8
629 0000 0
630 0110 6
631 1111 15
632 1001 9
633 0011 3
634 0011 3
635 0011 3
636 0111 7
637 0100 4
638 1110 14
639 1011 11
640 0001 1
641 0000 0
642 1100 12
643 1100 12
644 1110 14
645 1010 10
646 1000 8
647 0011 3
648 1001 9
649 1011 11
650 1101 13
651 0111 7
652 1010 10
653 0110 6
654 0001 1
655 1111 15
656 1100 12
657 0111 7
658 0000 0
659 1110 14
660 0111 7
661 0110 6
662 0001 1
663 0001 1
664 0111 7
665 1111 15
666 0001 1
667 0110 6
668 0101 5
669 1011 11
670 0111 7
671 0101 5
672 1100 12
673 1110 14
674 0000 0
675 1010 10
676 1110 14
677 1110 14
678 0001 1
679 1101 13
680 0111 7
681 0111 7
682 0010 2
683 1110 14
684 1101 13
685 0111 7
686 0010 2
687 1000 8
688 1110 14
689 1001 9
690 0110 6
691 1111 15
692 1110 14
693 0001 1
694 1111 15
695 1101 13
696 0001 1
697 0011 3
698 0101 5
699 1000 8
700 1111 15
701 1011 11
702 1110 14
703 1110 14
704 1110 14
705 1000 8
706 1101 13
707 1111 15
708 0010 2
709 0000 0
710 1001 9
711 1100 12
712 1100 12
713 1010 10
714 1000 8
715 1010 10
716 0000 0
717 0101 5
718 0010 2
719 1100 12
720 1001 9
721 1110 14
722 1100 12
723 1100 12
724 1010 10
725 0010 2
726 0010 2
727 1101 13
728 0001 1
729 0111 7
730 0111 7
731 0100 4
732 0011 3
733 0011 3
734 1001 9
735 1001 9
736 0010 2
737 1010 10
738 0100 4
739 0100 4
740 1100 12
741 0010 2
742 1001 9
743 0101 5
744 1111 15
745 0001 1
746 0010 2
747 0111 7
748 1101 13
749 1010 10
750 0111 7
751 0000 0
752 0000 0
753 1111 15
754 0110 6
755 0101 5
756 1000 8
757 0011 3
758 0000 0
759 0100 4
760 0010 2
761 1010 10
762 1100 12
763 1000 8
764 1000 8
765 0111 7
766 0001 1
767 1000 8
768 1001 9
769 0101 5
770 0001 1
771 1110 14
772 0110 6
773 0010 2
774 1011 11
775 0000 0
776 1111 15
777 0011 3
778 1001 9
779 1111 15
780 1000 8
781 0011 3
782 1100 12
783 1010 10
784 0000 0
785 1111 15
786 1001 9
787 1101 13
788 0111 7
789 0100 4
790 1101 13
791 1101 13
792 1111 15
793 0001 1
794 1001 9
795 1110 14
796 0110 6
797 0001 1
798 1011 11
799 0000 0
800 0101 5
801 0001 1
802 1110 14
803 0110 6
804 0010 2
805 0110 6
806 0010 2
807 0000 0
808 1011 11
809 0010 2
810 1100 12
811 1101 13
812 1000 8
813 1100 12
814 1001 9
815 1010 10
816 0110 6
817 0000 0
818 0001 1
819 1000 8
820 0100 4
821 1010 10
822 0101 5
823 1101 13
824 0000 0
825 1011 11
826 1010 10
827 1111 15
828 1001 9
829 0000 0
830 0001 1
831 1101 13
832 1101 13
833 1100 12
834 0011 3
835 0001 1
836 1100 12
837 0000 0
838 0110 6
839 0011 3
840 1001 9
841 0110 6
842 1111 15
843 0101 5
844 0101 5
845 0001 1
846 0101 5
847 1011 11
848 1011 11
849 0100 4
850 0001 1
851 1111 15
852 0010 2
853 0001 1
854 1110 14
855 0000 0
856 1001 9
857 0101 5
858 1000 8
859 0110 6
860 0101 5
861 1111 15
862 0101 5
863 0001 1
864 1111 15
865 0110 6
866 0000 0
867 1110 14
868 1001 9
869 0111 7
870 1110 14
871 1110 14
872 1100 12
873 1110 14
874 0000 0
875 0001 1
876 0000 0
877 0110 6
878 0010 2
879 0100 4
880 0011 3
881 1111 15
882 1110 14
883 0010 2
884 1000 8
885 0101 5
886 1000 8
887 1001 9
888 1100 12
889 1111 15
890 1011 11
891 1010 10
892 0010 2
893 1110 14
894 1111 15
895 0010 2
896 0010 2
897 1001 9
898 1011 11
899 0011 3
900 0011 3
901 0111 7
902 1010 10
903 1101 13
904 1101 13
905 0010 2
906 1000 8
907 0101 5
908 1011 11
909 1001 9
910 1111 15
911 0000 0
912 0000 0
913 0001 1
914 0100 4
915 1101 13
916 0001 1
917 0000 0
918 1101 13
919 1010 10
920 1111 15
921 0100 4
922 0110 6
923 1100 12
924 0000 0
925 0011 3
926 0101 5
927 1111 15
928 1000 8
929 0011 3
930 1110 14
931 1001 9
932 1011 11
933 1000 8
934 1000 8
935 1101 13
936 0110 6
937 0100 4
938 0010 2
939 0011 3
940 0111 7
941 0001 1
942 1011 11
943 1001 9
944 0100 4
945 1010 10
946 0100 4
947 0110 6
948 0001 1
949 1011 11
950 0010 2
951 1000 8
952 0000 0
953 1111 15
954 0010 2
955 1111 15
956 1101 13
957 0001 1
958 1110 14
959 0000 0
960 1111 15
961 1011 11
962 1100 12
963 0011 3
964 1011 11
965 1100 12
966 0001 1
967 0110 6
968 0001 1
969 0000 0
970 0011 3
971 1110 14
972 0011 3
973 1110 14
974 1100 12
975 1010 10
976 1110 14
977 1000 8
978 0111 7
979 1010 10
980 0101 5
981 1111 15
982 0000 0
983 0110 6
984 0001 1
985 0010 2
986 1110 14
987 0101 5
988 0000 0
989 1100 12
990 0111 7
991 1000 8
992 1000 8
993 0101 5
994 1101 13
995 0100 4
996 0101 5
997 0110 6
998 0110 6
999 1110 14
1000 1000 8
1001 1001 9
1002 0001 1
1003 0011 3
1004 0111 7
1005 0101 5
1006 0011 3
1007 0101 5
1008 0101 5
1009 1100 12
1010 0101 5
1011 1001 9
1012 0010 2
1013 0010 2
1014 1000 8
1015 0111 7
1016 0110 6
1017 1011 11
1018 0100 4
1019 0011 3
1020 0110 6
1021 1001 9
1022 0110 6
1023 1100 12
1024 0011 3
1025 0111 7
1026 1001 9
1027 0001 1
1028 1101 13
1029 1010 10
1030 0010 2
1031 0101 5
1032 0011 3
1033 0110 6
1034 1101 13
1035 0110 6
1036 0011 3
1037 0101 5
1038 1110 14
1039 1011 11
1040 0110 6
1041 1011 11
1042 0111 7
1043 1010 10
1044 1001 9
1045 0010 2
1046 1111 15
1047 1001 9
1048 1100 12
1049 0101 5
1050 1101 13
1051 0110 6
1052 1101 13
1053 0101 5
1054 1001 9
1055 0011 3
1056 0001 1
1057 1001 9
1058 1010 10
1059 0110 6
1060 0000 0
1061 0100 4
1062 0010 2
1063 1110 14
1064 0100 4
1065 1100 12
1066 0011 3
1067 0110 6
1068 1011 11
1069 0101 5
1070 1001 9
1071 0010 2
1072 1000 8
1073 1101 13
1074 1001 9
1075 1010 10
1076 1001 9
1077 0101 5
1078 1111 15
1079 0110 6
1080 1101 13
1081 0010 2
1082 1110 14
1083 0110 6
1084 0111 7
1085 1010 10
1086 0001 1
1087 0111 7
1088 1011 11
1089 1010 10
1090 1110 14
1091 1110 14
1092 1101 13
1093 0011 3
1094 1011 11
1095 0111 7
1096 0110 6
1097 0110 6
1098 1101 13
1099 1100 12
1100 1011 11
1101 0001 1
1102 0110 6
1103 1110 14
1104 0000 0
1105 1001 9
1106 1010 10
1107 1010 10
1108 1111 15
1109 0111 7
1110 1110 14
1111 1111 15
1112 1110 14
1113 0000 0
1114 1010 10
1115 0000 0
1116 1010 10
1117 0010 2
1118 0111 7
1119 0001 1
1120 1101 13
1121 0111 7
1122 0011 3
1123 1011 11
1124 0101 5
1125 1011 11
1126 0010 2
1127 1000 8
1128 0010 2
1129 0100 4
1130 0100 4
1131 0100 4
1132 0011 3
1133 1101 13
1134 1101 13
1135 0001 1
1136 1110 14
1137 1101 13
1138 1001 9
1139 0000 0
1140 1010 10
1141 0000 0
1142 0100 4
1143 1011 11
1144 1110 14
1145 1111 15
1146 1011 11
1147 1101 13
1148 0111 7
1149 0101 5
1150 0010 2
1151 0011 3
1152 0000 0
1153 1111 15
1154 1010 10
1155 0011 3
1156 1100 12
1157 0111 7
1158 1100 12
1159 0011 3
1160 0000 0
1161 0000 0
1162 0101 5
1163 0010 2
1164 1001 9
1165 1110 14
1166 1010 10
1167 0111 7
1168 0101 5
1169 0110 6
1170 0101 5
1171 1100 12
1172 1010 10
1173 0000 0
1174 0101 5
1175 1111 15
1176 0111 7
1177 0001 1
1178 1100 12
1179 1000 8
1180 1011 11
1181 0000 0
1182 0000 0
1183 0100 4
1184 0000 0
1185 0011 3
1186 0110 6
1187 0111 7
1188 1101 13
1189 1000 8
1190 1100 12
1191 0010 2
1192 0010 2
1193 1000 8
1194 0110 6
1195 0000 0
1196 1101 13
1197 0001 1
1198 1000 8
1199 1000 8
1200 1011 11
1201 1111 15
1202 0010 2
1203 0001 1
1204 1010 10
1205 1001 9
1206 0001 1
1207 1110 14
1208 1000 8
1209 0000 0
1210 0000 0
1211 0110 6
1212 1101 13
1213 0100 4
1214 0100 4
1215 0001 1
1216 1111 15
1217 1010 10
1218 1010 10
1219 1011 11
1220 1100 12
1221 0110 6
1222 0110 6
1223 0101 5
1224 0100 4
1225 1001 9
1226 0111 7
1227 1000 8
1228 1110 14
1229 1001 9
1230 0000 0
1231 1011 11
1232 0001 1
1233 1010 10
1234 1011 11
1235 0100 4
1236 1110 14
1237 1110 14
1238 1101 13
1239 0000 0
1240 0000 0
1241 0111 7
1242 1011 11
1243 0111 7
1244 0001 1
1245 0111 7
1246 0000 0
1247 0110 6
1248 1100 12
1249 0110 6
1250 0001 1
1251 1111 15
1252 0100 4
1253 0110 6
1254 1010 10
1255 1101 13
1256 1100 12
1257 1110 14
1258 0010 2
1259 0101 5
1260 0000 0
1261 1101 13
1262 1101 13
1263 0111 7
1264 1110 14
1265 0110 6
1266 1100 12
1267 0101 5
1268 0111 7
1269 1100 12
1270 0001 1
1271 1100 12
1272 1101 13
1273 0011 3
1274 1010 10
1275 1010 10
1276 1010 10
1277 1011 11
1278 0011 3
1279 1111 15
1280 0111 7
1281 1000 8
1282 0110 6
1283 1001 9
1284 1011 11
1285 0001 1
1286 0101 5
1287 0001 1
1288 1110 14
1289 1000 8
1290 0110 6
1291 1011 11
1292 0101 5
1293 0000 0
1294 1100 12
1295 0011 3
1296 0100 4
1297 0111 7
1298 0000 0
1299 0101 5
1300 1011 11
1301 0110 6
1302 0000 0
1303 0110 6
1304 0011 3
1305 1000 8
1306 0011 3
1307 0100 4
1308 0011 3
1309 1011 11
1310 1110 14
1311 0011 3
1312 1010 10
1313 1011 11
1314 0100 4
1315 1101 13
1316 0001 1
1317 0010 2
1318 0010 2
1319 0101 5
1320 0110 6
1321 0011 3
1322 1000 8
1323 1001 9
1324 1010 10
1325 0000 0
1326 0101 5
1327 0101 5
1328 0000 0
1329 1010 10
1330 1001 9
1331 0100 4
1332 0011 3
1333 0110 6
1334 1000 8
1335 1110 14
1336 1110 14
1337 0101 5
1338 0010 2
1339 0110 6
1340 1111 15
1341 0011 3
1342 0111 7
1343 1010 10
1344 0101 5
1345 1110 14
1346 0011 3
1347 1010 10
1348 0011 3
1349 1100 12
1350 0111 7
1351 1101 13
1352 0110 6
1353 1011 11
1354 0010 2
1355 0110 6
1356 0011 3
1357 1001 9
1358 1100 12
1359 0001 1
1360 0001 1
1361 1000 8
1362 0101 5
1363 1111 15
1364 0111 7
1365 1010 10
1366 1001 9
1367 0110 6
1368 1101 13
1369 1010 10
1370 1010 10
1371 0001 1
1372 0101 5
1373 1011 11
1374 0101 5
1375 1000 8
1376 1010 10
1377 0001 1
1378 1000 8
1379 0001 1
1380 0010 2
1381 0110 6
1382 1111 15
1383 1001 9
1384 1100 12
1385 0110 6
1386 1110 14
1387 0000 0
1388 0011 3
1389 1010 10
1390 1001 9
1391 1100 12
1392 0010 2
1393 0101 5
1394 1011 11
1395 1010 10
1396 0011 3
1397 1011 11
1398 0010 2
1399 0000 0
1400 1001 9
1401 1010 10
1402 0010 2
1403 0100 4
1404 0111 7
1405 0000 0
1406 0000 0
1407 0000 0
1408 0101 5
1409 0010 2
1410 1001 9
1411 0110 6
1412 1001 9
1413 0100 4
1414 0011 3
1415 0000 0
1416 0010 2
1417 0011 3
1418 1101 13
1419 0011 3
1420 0011 3
1421 0101 5
1422 0001 1
1423 0000 0
1424 0101 5
1425 1011 11
1426 1001 9
1427 1111 15
1428 1000 8
1429 0001 1
1430 0110 6
1431 0000 0
1432 1111 15
1433 0001 1
1434 0110 6
1435 0100 4
1436 0100 4
1437 1101 13
1438 0000 0
1439 0011 3
1440 0110 6
1441 1001 9
1442 0001 1
1443 1111 15
1444 1001 9
1445 1101 13
1446 1110 14
1447 0111 7
1448 1011 11
1449 0100 4
1450 0100 4
1451 1110 14
1452 0000 0
1453 0000 0
1454 0010 2
1455 1101 13
1456 1000 8
1457 0001 1
1458 1101 13
1459 1110 14
1460 0010 2
1461 0000 0
1462 0001 1
1463 1011 11
1464 0001 1
1465 1000 8
1466 1101 13
1467 1011 11
1468 0001 1
1469 0010 2
1470 1010 10
1471 0101 5
1472 0111 7
1473 1000 8
1474 0100 4
1475 0010 2
1476 0101 5
1477 1100 12
1478 1111 15
1479 0001 1
1480 1011 11
1481 0011 3
1482 1111 15
1483 0000 0
1484 0100 4
1485 0000 0
1486 1010 10
1487 0001 1
1488 1000 8
1489 1100 12
1490 1001 9
1491 1011 11
1492 0000 0
1493 1111 15
1494 1111 15
1495 1001 9
1496 1010 10
1497 0000 0
1498 0001 1
1499 1011 11
1500 0110 6
1501 1000 8
1502 1100 12
1503 0100 4
1504 1001 9
1505 1011 11
1506 0011 3
1507 0011 3
1508 1101 13
1509 1010 10
1510 0110 6
1511 1001 9
1512 1100 12
1513 1111 15
1514 0011 3
1515 1100 12
1516 0000 0
1517 1001 9
1518 0000 0
1519 0001 1
1520 0011 3
1521 0111 7
1522 1000 8
1523 0101 5
1524 1110 14
1525 1100 12
1526 0001 1
1527 1011 11
1528 0110 6
1529 0011 3
1530 0001 1
1531 0110 6
1532 0100 4
1533 1000 8
1534 1100 12
1535 0011 3
1536 1010 10
1537 1011 11
1538 0000 0
1539 1110 14
1540 1110 14
1541 1110 14
1542 0100 4
1543 1111 15
1544 0101 5
1545 0000 0
1546 1100 12
1547 1000 8
1548 1001 9
1549 1010 10
1550 1010 10
1551 0111 7
1552 0101 5
1553 0111 7
1554 1001 9
1555 1110 14
1556 0010 2
1557 0011 3
1558 1111 15
1559 1111 15
1560 1110 14
1561 1101 13
1562 1010 10
1563 1010 10
1564 1111 15
1565 0110 6
1566 1000 8
1567 0000 0
1568 0010 2
1569 0010 2
1570 1111 15
1571 1101 13
1572 0100 4
1573 0010 2
1574 0101 5
1575 0001 1
1576 1011 11
1577 1010 10
1578 1010 10
1579 0010 2
1580 1100 12
1581 0101 5
1582 0001 1
1583 1010 10
1584 1000 8
1585 0110 6
1586 1100 12
1587 0110 6
1588 0111 7
1589 0001 1
1590 0011 3
1591 0111 7
1592 1101 13
1593 1100 12
1594 1110 14
1595 0110 6
1596 0110 6
1597 0111 7
1598 1011 11
1599 0101 5
1600 0101 5
1601 1111 15
1602 0100 4
1603 1001 9
1604 1110 14
1605 0100 4
1606 0110 6
1607 1111 15
1608 1001 9
1609 0010 2
1610 1010 10
1611 0010 2
1612 1111 15
1613 1011 11
1614 1110 14
1615 1011 11
1616 1100 12
1617 1010 10
1618 0000 0
1619 1010 10
1620 1111 15
1621 1010 10
1622 1000 8
1623 1111 15
1624 1010 10
1625 0011 3
1626 0100 4
1627 0100 4
1628 0001 1
1629 0001 1
1630 0111 7
1631 0010 2
1632 1100 12
1633 1010 10
1634 1010 10
1635 1000 8
1636 0010 2
1637 0010 2
1638 0111 7
1639 0011 3
1640 1000 8
1641 0111 7
1642 0111 7
1643 0000 0
1644 0011 3
1645 0000 0
1646 0100 4
1647 1001 9
1648 1001 9
1649 0011 3
1650 0011 3
1651 0101 5
1652 1111 15
1653 0000 0
1654 1011 11
1655 1100 12
1656 1111 15
1657 1111 15
1658 0110 6
1659 0101 5
1660 0001 1
1661 1111 15
1662 0100 4
1663 0011 3
1664 0011 3
1665 0011 3
1666 0001 1
1667 1011 11
1668 0001 1
1669 1101 13
1670 0111 7
1671 1100 12
1672 0111 7
1673 0000 0
1674 1110 14
1675 1110 14
1676 0010 2
1677 1011 11
1678 1101 13
1679 0101 5
1680 0110 6
1681 0110 6
1682 1110 14
1683 0100 4
1684 1101 13
1685 1110 14
1686 0010 2
1687 0011 3
1688 1011 11
1689 1010 10
1690 0100 4
1691 1001 9
1692 0110 6
1693 0100 4
1694 1001 9
1695 0100 4
1696 0100 4
1697 0010 2
1698 0111 7
1699 1111 15
1700 0000 0
1701 1000 8
1702 1000 8
1703 0101 5
1704 1001 9
1705 0011 3
1706 1101 13
1707 0001 1
1708 1011 11
1709 0010 2
1710 0110 6
1711 0010 2
1712 1101 13
1713 1000 8
1714 1101 13
1715 1001 9
1716 1101 13
1717 1000 8
1718 1000 8
1719 1101 13
1720 1011 11
1721 0001 1
1722 0001 1
1723 1000 8
1724 1001 9
1725 1100 12
1726 1100 12
1727 1101 13
1728 0100 4
1729 1110 14
1730 0000 0
1731 1000 8
1732 0101 5
1733 1100 12
1734 0101 5
1735 0001 1
1736 1000 8
1737 0100 4
1738 1011 11
1739 1110 14
1740 1101 13
1741 0011 3
1742 1110 14
1743 1010 10
1744 1100 12
1745 1011 11
1746 1101 13
1747 1010 10
1748 1101 13
1749 1100 12
1750 1011 11
1751 1111 15
1752 0001 1
1753 0010 2
1754 1010 10
1755 1111 15
1756 0011 3
1757 0101 5
1758 0100 4
1759 1000 8
1760 0111 7
1761 0100 4
1762 0111 7
1763 1101 13
1764 0110 6
1765 0010 2
1766 0111 7
1767 1000 8
1768 1101 13
1769 1010 10
1770 0010 2
1771 0101 5
1772 1010 10
1773 1001 9
1774 1111 15
1775 1011 11
1776 0011 3
1777 0100 4
1778 1110 14
1779 1100 12
1780 1100 12
1781 0010 2
1782 1010 10
1783 0111 7
1784 0011 3
1785 1010 10
1786 0101 5
1787 0111 7
1788 0011 3
1789 0001 1
1790 0111 7
1791 0110 6
1792 1111 15
1793 0001 1
1794 1100 12
1795 0101 5
1796 1010 10
1797 1011 11
1798 1100 12
1799 0101 5
1800 0011 3
1801 1000 8
1802 0101 5
1803 1111 15
1804 1011 11
1805 1000 8
1806 0111 7
1807 1011 11
1808 0010 2
1809 0010 2
1810 0000 0
1811 0011 3
1812 0101 5
1813 1010 10
1814 0100 4
1815 0110 6
1816 1001 9
1817 1100 12
1818 0100 4
1819 0010 2
1820 1001 9
1821 0010 2
1822 0100 4
1823 1101 13
1824 0101 5
1825 0101 5
1826 0000 0
1827 1100 12
1828 0001 1
1829 1011 11
1830 0001 1
1831 1101 13
1832 0110 6
1833 0100 4
1834 1111 15
1835 0111 7
1836 0001 1
1837 0110 6
1838 0010 2
1839 1111 15
1840 1010 10
1841 0010 2
1842 0000 0
1843 0110 6
1844 1100 12
1845 0101 5
1846 1010 10
1847 1011 11
1848 1111 15
1849 1010 10
1850 1010 10
1851 0111 7
1852 1110 14
1853 0101 5
1854 0110 6
1855 0001 1
1856 1110 14
1857 0110 6
1858 1010 10
1859 0001 1
1860 1000 8
1861 1111 15
1862 0001 1
1863 0010 2
1864 1000 8
1865 1101 13
1866 0100 4
1867 0110 6
1868 0101 5
1869 1110 14
1870 1100 12
1871 0001 1
1872 1110 14
1873 0010 2
1874 0001 1
1875 0110 6
1876 1001 9
1877 1000 8
1878 0101 5
1879 0011 3
1880 0101 5
1881 1011 11
1882 1100 12
1883 1101 13
1884 0111 7
1885 1001 9
1886 1111 15
1887 1000 8
1888 1001 9
1889 1111 15
1890 0101 5
1891 0001 1
1892 0110 6
1893 1001 9
1894 0100 4
1895 0001 1
1896 1011 11
1897 1011 11
1898 1111 15
1899 0011 3
1900 1110 14
1901 1110 14
1902 0001 1
1903 0000 0
1904 1000 8
1905 1001 9
1906 1101 13
1907 1011 11
1908 0100 4
1909 1111 15
1910 1010 10
1911 0000 0
1912 1000 8
1913 0100 4
1914 0001 1
1915 1011 11
1916 1100 12
1917 0000 0
1918 0101 5
1919 1111 15
1920 1001 9
1921 0001 1
1922 1010 10
1923 1111 15
1924 0110 6
1925 0001 1
1926 1011 11
1927 0110 6
1928 1111 15
1929 0101 5
1930 0010 2
1931 1100 12
1932 1110 14
1933 0011 3
1934 1101 13
1935 1010 10
1936 0111 7
1937 1100 12
1938 0101 5
1939 1110 14
1940 1110 14
1941 0110 6
1942 1111 15
1943 0110 6
1944 0011 3
1945 0001 1
1946 0110 6
1947 1101 13
1948 0011 3
1949 1010 10
1950 0101 5
1951 0101 5
1952 1100 12
1953 1011 11
1954 0010 2
1955 1001 9
1956 1111 15
1957 1111 15
1958 0100 4
1959 0010 2
1960 0100 4
1961 0010 2
1962 1010 10
1963 1100 12
1964 0101 5
1965 1011 11
1966 1000 8
1967 0011 3
1968 1110 14
1969 1001 9
1970 0010 2
1971 0010 2
1972 1000 8
1973 1100 12
1974 0010 2
1975 1001 9
1976 0000 0
1977 1110 14
1978 0111 7
1979 1101 13
1980 1110 14
1981 0010 2
1982 1100 12
1983 1101 13
1984 1110 14
1985 0001 1
1986 1101 13
1987 0111 7
1988 0110 6
1989 1001 9
1990 0010 2
1991 1111 15
1992 0101 5
1993 1001 9
1994 0100 4
1995 1010 10
1996 0111 7
1997 0111 7
1998 1000 8
1999 1100 12
2000 1110 14
2001 0111 7
2002 0011 3
2003 1010 10
2004 1111 15
2005 1010 10
2006 1001 9
2007 1011 11
2008 0100 4
2009 0011 3
2010 0010 2
2011 0010 2
2012 0100 4
2013 0100 4
2014 1101 13
2015 0100 4
2016 1011 11
2017 0010 2
2018 0100 4
2019 1100 12
2020 1100 12
2021 0101 5
2022 0010 2
2023 0010 2
2024 1000 8
2025 0000 0
2026 1000 8
2027 0111 7
2028 0101 5
2029 0000 0
2030 0010 2
2031 1000 8
2032 0111 7
2033 1001 9
2034 1110 14
2035 0101 5
2036 0110 6
2037 0010 2
2038 0101 5
2039 1000 8
2040 1001 9
2041 0010 2
2042 0001 1
2043 0010 2
2044 0101 5
2045 1100 12
2046 0001 1
2047 0001 1

