0 1101 13
1 1001 9
2 1110 14
3 1100 12
4 1100 12
5 1110 14
6 1001 9
7 1010 10
8 1011 11
9 1011 11
10 1000 8
11 1111 15
12 1011 11
13 1001 9
14 1010 10
15 1111 15
16 1111 15
17 1100 12
18 1110 14
19 1001 9
20 1001 9
21 1000 8
22 1001 9
23 1011 11
24 1110 14
25 1110 14
26 1010 10
27 1011 11
28 1000 8
29 1101 13
30 1110 14
31 1110 14
32 1110 14
33 1010 10
34 1001 9
35 1101 13
36 1111 15
37 1100 12
38 1111 15
39 1011 11
40 1001 9
41 1100 12
42 1110 14
43 1100 12
44 1110 14
45 1110 14
46 1110 14
47 1101 13
48 1011 11
49 1010 10
50 1111 15
51 1010 10
52 1100 12
53 1000 8
54 1111 15
55 1100 12
56 1110 14
57 1011 11
58 1000 8
59 1110 14
60 1110 14
61 1011 11
62 1111 15
63 1001 9
64 1000 8
65 1011 11
66 1111 15
67 1000 8
68 1000 8
69 1000 8
70 1110 14
71 1001 9
72 1010 10
73 1100 12
74 1110 14
75 1110 14
76 1111 15
77 1000 8
78 1100 12
79 1100 12
80 1101 13
81 1001 9
82 1100 12
83 1011 11
84 1001 9
85 1111 15
86 1111 15
87 1110 14
88 1111 15
89 1110 14
90 1010 10
91 1001 9
92 1001 9
93 1010 10
94 1101 13
95 1001 9
96 1011 11
97 1000 8
98 1000 8
99 1011 11
100 1001 9
101 1101 13
102 1101 13
103 1101 13
104 1000 8
105 1001 9
106 1111 15
107 1011 11
108 1100 12
109 1011 11
110 1100 12
111 1000 8
112 1101 13
113 1010 10
114 1101 13
115 1001 9
116 1011 11
117 1001 9
118 1100 12
119 1010 10
120 1101 13
121 1101 13
122 1000 8
123 1010 10
124 1011 11
125 1011 11
126 1100 12
127 1101 13
128 1111 15
129 1010 10
130 1010 10
131 1111 15
132 1011 11
133 1110 14
134 1111 15
135 1110 14
136 1111 15
137 1001 9
138 1111 15
139 1001 9
140 1001 9
141 1101 13
142 1011 11
143 1011 11
144 1010 10
145 1100 12
146 1100 12
147 1110 14
148 1110 14
149 1010 10
150 1000 8
151 1100 12
152 1001 9
153 1111 15
154 1101 13
155 1011 11
156 1111 15
157 1000 8
158 1100 12
159 1010 10
160 1110 14
161 1011 11
162 1110 14
163 1110 14
164 1111 15
165 1000 8
166 1010 10
167 1000 8
168 1000 8
169 1100 12
170 1001 9
171 1111 15
172 1001 9
173 1101 13
174 1100 12
175 1110 14
176 1011 11
177 1001 9
178 1111 15
179 1001 9
180 1111 15
181 1110 14
182 1111 15
183 1110 14
184 1011 11
185 1001 9
186 1111 15
187 1110 14
188 1100 12
189 1100 12
190 1111 15
191 1000 8
192 1001 9
193 1101 13
194 1100 12
195 1100 12
196 1000 8
197 1101 13
198 1111 15
199 1011 11
200 1010 10
201 1001 9
202 1110 14
203 1001 9
204 1101 13
205 1011 11
206 1000 8
207 1001 9
208 1010 10
209 1010 10
210 1000 8
211 1010 10
212 1100 12
213 1110 14
214 1001 9
215 1001 9
216 1001 9
217 1011 11
218 1011 11
219 1111 15
220 1000 8
221 1001 9
222 1010 10
223 1001 9
224 1011 11
225 1011 11
226 1110 14
227 1111 15
228 1010 10
229 1110 14
230 1100 12
231 1100 12
232 1011 11
233 1011 11
234 1011 11
235 1100 12
236 1010 10
237 1010 10
238 1111 15
239 1010 10
240 1100 12
241 1111 15
242 1110 14
243 1011 11
244 1000 8
245 1111 15
246 1110 14
247 1110 14
248 1001 9
249 1000 8
250 1101 13
251 1010 10
252 1010 10
253 1001 9
254 1001 9
255 1101 13
256 1100 12
257 1011 11
258 1100 12
259 1011 11
260 1010 10
261 1101 13
262 1101 13
263 1000 8
264 1101 13
265 1110 14
266 1000 8
267 1010 10
268 1000 8
269 1000 8
270 1111 15
271 1100 12
272 1010 10
273 1100 12
274 1101 13
275 1110 14
276 1110 14
277 1010 10
278 1111 15
279 1101 13
280 1001 9
281 1111 15
282 1111 15
283 1000 8
284 1001 9
285 1111 15
286 1000 8
287 1000 8
288 1011 11
289 1101 13
290 1000 8
291 1100 12
292 1000 8
293 1110 14
294 1011 11
295 1110 14
296 1110 14
297 1101 13
298 1110 14
299 1010 10
300 1011 11
301 1010 10
302 1100 12
303 1011 11
304 1111 15
305 1010 10
306 1010 10
307 1000 8
308 1011 11
309 1010 10
310 1100 12
311 1000 8
312 1010 10
313 1111 15
314 1110 14
315 1100 12
316 1100 12
317 1110 14
318 1010 10
319 1001 9
320 1101 13
321 1110 14
322 1111 15
323 1101 13
324 1101 13
325 1100 12
326 1011 11
327 1011 11
328 1001 9
329 1101 13
330 1011 11
331 1010 10
332 1101 13
333 1101 13
334 1100 12
335 1000 8
336 1010 10
337 1110 14
338 1010 10
339 1010 10
340 1010 10
341 1000 8
342 1000 8
343 1010 10
344 1010 10
345 1110 14
346 1010 10
347 1110 14
348 1111 15
349 1110 14
350 1010 10
351 1001 9
352 1101 13
353 1101 13
354 1011 11
355 1010 10
356 1101 13
357 1100 12
358 1110 14
359 1100 12
360 1010 10
361 1111 15
362 1101 13
363 1101 13
364 1000 8
365 1110 14
366 1000 8
367 1110 14
368 1011 11
369 1110 14
370 1001 9
371 1111 15
372 1100 12
373 1100 12
374 1111 15
375 1110 14
376 1010 10
377 1111 15
378 1110 14
379 1010 10
380 1011 11
381 1111 15
382 1111 15
383 1110 14
384 1001 9
385 1110 14
386 1011 11
387 1100 12
388 1001 9
389 1000 8
390 1011 11
391 1000 8
392 1100 12
393 1110 14
394 1100 12
395 1101 13
396 1101 13
397 1111 15
398 1111 15
399 1001 9
400 1100 12
401 1011 11
402 1000 8
403 1011 11
404 1010 10
405 1010 10
406 1111 15
407 1001 9
408 1011 11
409 1100 12
410 1111 15
411 1010 10
412 1010 10
413 1101 13
414 1101 13
415 1010 10
416 1101 13
417 1111 15
418 1010 10
419 1101 13
420 1000 8
421 1000 8
422 1011 11
423 1101 13
424 1010 10
425 1011 11
426 1111 15
427 1110 14
428 1010 10
429 1011 11
430 1111 15
431 1001 9
432 1110 14
433 1101 13
434 1100 12
435 1111 15
436 1010 10
437 1000 8
438 1110 14
439 1100 12
440 1100 12
441 1101 13
442 1101 13
443 1101 13
444 1011 11
445 1011 11
446 1001 9
447 1010 10
448 1000 8
449 1011 11
450 1010 10
451 1111 15
452 1100 12
453 1000 8
454 1011 11
455 1111 15
456 1100 12
457 1001 9
458 1110 14
459 1101 13
460 1110 14
461 1000 8
462 1101 13
463 1011 11
464 1000 8
465 1101 13
466 1011 11
467 1011 11
468 1010 10
469 1000 8
470 1001 9
471 1110 14
472 1010 10
473 1011 11
474 1110 14
475 1000 8
476 1111 15
477 1001 9
478 1110 14
479 1100 12
480 1010 10
481 1101 13
482 1001 9
483 1011 11
484 1111 15
485 1001 9
486 1111 15
487 1110 14
488 1001 9
489 1100 12
490 1011 11
491 1100 12
492 1010 10
493 1101 13
494 1000 8
495 1010 10
496 1001 9
497 1011 11
498 1100 12
499 1000 8
500 1110 14
501 1110 14
502 1110 14
503 1000 8
504 1001 9
505 1001 9
506 1001 9
507 1110 14
508 1010 10
509 1110 14
510 1000 8
511 1101 13
512 1011 11
513 1100 12
514 1100 12
515 1011 11
516 1110 14
517 1101 13
518 1000 8
519 1010 10
520 1001 9
521 1000 8
522 1111 15
523 1110 14
524 1000 8
525 1010 10
526 1101 13
527 1001 9
528 1111 15
529 1111 15
530 1010 10
531 1101 13
532 1000 8
533 1010 10
534 1110 14
535 1100 12
536 1011 11
537 1100 12
538 1110 14
539 1010 10
540 1110 14
541 1100 12
542 1001 9
543 1011 11
544 1001 9
545 1010 10
546 1111 15
547 1111 15
548 1000 8
549 1011 11
550 1101 13
551 1011 11
552 1110 14
553 1110 14
554 1111 15
555 1100 12
556 1001 9
557 1111 15
558 1000 8
559 1011 11
560 1000 8
561 1001 9
562 1000 8
563 1010 10
564 1001 9
565 1101 13
566 1001 9
567 1110 14
568 1111 15
569 1001 9
570 1010 10
571 1010 10
572 1001 9
573 1111 15
574 1010 10
575 1011 11
576 1010 10
577 1101 13
578 1000 8
579 1100 12
580 1011 11
581 1101 13
582 1111 15
583 1101 13
584 1011 11
585 1101 13
586 1010 10
587 1110 14
588 1111 15
589 1011 11
590 1011 11
591 1000 8
592 1110 14
593 1011 11
594 1100 12
595 1000 8
596 1001 9
597 1111 15
598 1100 12
599 1101 13
600 1001 9
601 1111 15
602 1100 12
603 1110 14
604 1110 14
605 1000 8
606 1100 12
607 1001 9
608 1001 9
609 1101 13
610 1001 9
611 1100 12
612 1010 10
613 1110 14
614 1001 9
615 1011 11
616 1110 14
617 1000 8
618 1111 15
619 1100 12
620 1101 13
621 1000 8
622 1101 13
623 1010 10
624 1001 9
625 1100 12
626 1011 11
627 1110 14
628 1110 14
629 1100 12
630 1011 11
631 1001 9
632 1001 9
633 1000 8
634 1111 15
635 1101 13
636 1101 13
637 1100 12
638 1100 12
639 1111 15
640 1010 10
641 1111 15
642 1010 10
643 1100 12
644 1001 9
645 1010 10
646 1110 14
647 1010 10
648 1001 9
649 1010 10
650 1001 9
651 1110 14
652 1101 13
653 1100 12
654 1000 8
655 1011 11
656 1101 13
657 1001 9
658 1101 13
659 1010 10
660 1011 11
661 1000 8
662 1100 12
663 1011 11
664 1000 8
665 1100 12
666 1101 13
667 1101 13
668 1101 13
669 1001 9
670 1011 11
671 1011 11
672 1000 8
673 1011 11
674 1111 15
675 1111 15
676 1011 11
677 1011 11
678 1011 11
679 1011 11
680 1000 8
681 1110 14
682 1111 15
683 1000 8
684 1001 9
685 1001 9
686 1001 9
687 1001 9
688 1011 11
689 1011 11
690 1100 12
691 1000 8
692 1000 8
693 1100 12
694 1111 15
695 1110 14
696 1000 8
697 1000 8
698 1101 13
699 1100 12
700 1111 15
701 1000 8
702 1100 12
703 1100 12
704 1011 11
705 1010 10
706 1110 14
707 1010 10
708 1110 14
709 1001 9
710 1000 8
711 1001 9
712 1011 11
713 1100 12
714 1100 12
715 1001 9
716 1110 14
717 1001 9
718 1001 9
719 1110 14
720 1100 12
721 1100 12
722 1100 12
723 1010 10
724 1010 10
725 1111 15
726 1100 12
727 1111 15
728 1010 10
729 1110 14
730 1001 9
731 1010 10
732 1001 9
733 1000 8
734 1111 15
735 1110 14
736 1001 9
737 1000 8
738 1101 13
739 1110 14
740 1010 10
741 1000 8
742 1100 12
743 1011 11
744 1100 12
745 1101 13
746 1101 13
747 1100 12
748 1100 12
749 1111 15
750 1101 13
751 1111 15
752 1010 10
753 1011 11
754 1010 10
755 1001 9
756 1100 12
757 1101 13
758 1101 13
759 1001 9
760 1000 8
761 1111 15
762 1111 15
763 1100 12
764 1011 11
765 1111 15
766 1011 11
767 1011 11
768 1011 11
769 1001 9
770 1001 9
771 1110 14
772 1011 11
773 1010 10
774 1000 8
775 1010 10
776 1110 14
777 1101 13
778 1110 14
779 1110 14
780 1100 12
781 1010 10
782 1011 11
783 1011 11
784 1111 15
785 1001 9
786 1001 9
787 1000 8
788 1011 11
789 1100 12
790 1110 14
791 1000 8
792 1000 8
793 1101 13
794 1110 14
795 1110 14
796 1011 11
797 1100 12
798 1010 10
799 1000 8
800 1101 13
801 1010 10
802 1100 12
803 1110 14
804 1001 9
805 1100 12
806 1010 10
807 1000 8
808 1001 9
809 1110 14
810 1001 9
811 1000 8
812 1000 8
813 1001 9
814 1011 11
815 1111 15
816 1001 9
817 1001 9
818 1111 15
819 1110 14
820 1011 11
821 1111 15
822 1010 10
823 1110 14
824 1110 14
825 1111 15
826 1000 8
827 1111 15
828 1100 12
829 1101 13
830 1110 14
831 1001 9
832 1001 9
833 1000 8
834 1101 13
835 1011 11
836 1101 13
837 1000 8
838 1000 8
839 1010 10
840 1011 11
841 1000 8
842 1100 12
843 1010 10
844 1010 10
845 1101 13
846 1010 10
847 1101 13
848 1101 13
849 1111 15
850 1000 8
851 1101 13
852 1001 9
853 1110 14
854 1100 12
855 1111 15
856 1000 8
857 1111 15
858 1111 15
859 1001 9
860 1011 11
861 1010 10
862 1001 9
863 1000 8
864 1001 9
865 1001 9
866 1101 13
867 1100 12
868 1100 12
869 1110 14
870 1100 12
871 1011 11
872 1000 8
873 1001 9
874 1100 12
875 1101 13
876 1001 9
877 1010 10
878 1111 15
879 1100 12
880 1011 11
881 1010 10
882 1001 9
883 1001 9
884 1110 14
885 1011 11
886 1101 13
887 1100 12
888 1011 11
889 1000 8
890 1110 14
891 1001 9
892 1000 8
893 1010 10
894 1111 15
895 1110 14
896 1011 11
897 1110 14
898 1000 8
899 1000 8
900 1100 12
901 1111 15
902 1111 15
903 1010 10
904 1011 11
905 1010 10
906 1101 13
907 1110 14
908 1000 8
909 1001 9
910 1001 9
911 1100 12
912 1000 8
913 1010 10
914 1000 8
915 1101 13
916 1100 12
917 1001 9
918 1110 14
919 1001 9
920 1110 14
921 1100 12
922 1110 14
923 1011 11
924 1001 9
925 1101 13
926 1010 10
927 1111 15
928 1100 12
929 1101 13
930 1001 9
931 1000 8
932 1100 12
933 1000 8
934 1100 12
935 1010 10
936 1101 13
937 1010 10
938 1101 13
939 1101 13
940 1101 13
941 1010 10
942 1111 15
943 1000 8
944 1100 12
945 1100 12
946 1111 15
947 1000 8
948 1010 10
949 1110 14
950 1110 14
951 1010 10
952 1000 8
953 1000 8
954 1001 9
955 1101 13
956 1001 9
957 1101 13
958 1000 8
959 1011 11
960 1101 13
961 1110 14
962 1100 12
963 1011 11
964 1011 11
965 1100 12
966 1100 12
967 1100 12
968 1010 10
969 1100 12
970 1011 11
971 1110 14
972 1101 13
973 1110 14
974 1011 11
975 1000 8
976 1100 12
977 1111 15
978 1001 9
979 1011 11
980 1111 15
981 1011 11
982 1111 15
983 1010 10
984 1001 9
985 1010 10
986 1100 12
987 1001 9
988 1001 9
989 1101 13
990 1010 10
991 1110 14
992 1110 14
993 1001 9
994 1111 15
995 1100 12
996 1010 10
997 1110 14
998 1111 15
999 1111 15
1000 1001 9
1001 1111 15
1002 1000 8
1003 1010 10
1004 1111 15
1005 1001 9
1006 1010 10
1007 1100 12
1008 1100 12
1009 1101 13
1010 1000 8
1011 1100 12
1012 1100 12
1013 1010 10
1014 1100 12
1015 1011 11
1016 1111 15
1017 1011 11
1018 1100 12
1019 1110 14
1020 1100 12
1021 1010 10
1022 1011 11
1023 1100 12
1024 1111 15
1025 1000 8
1026 1010 10
1027 1100 12
1028 1001 9
1029 1111 15
1030 1100 12
1031 1001 9
1032 1010 10
1033 1101 13
1034 1010 10
1035 1000 8
1036 1111 15
1037 1011 11
1038 1101 13
1039 1101 13
1040 1111 15
1041 1010 10
1042 1011 11
1043 1100 12
1044 1100 12
1045 1101 13
1046 1001 9
1047 1111 15
1048 1100 12
1049 1101 13
1050 1101 13
1051 1010 10
1052 1011 11
1053 1001 9
1054 1100 12
1055 1110 14
1056 1001 9
1057 1001 9
1058 1011 11
1059 1100 12
1060 1100 12
1061 1011 11
1062 1110 14
1063 1001 9
1064 1000 8
1065 1000 8
1066 1001 9
1067 1110 14
1068 1010 10
1069 1000 8
1070 1011 11
1071 1001 9
1072 1000 8
1073 1001 9
1074 1101 13
1075 1100 12
1076 1100 12
1077 1100 12
1078 1111 15
1079 1000 8
1080 1110 14
1081 1010 10
1082 1100 12
1083 1101 13
1084 1000 8
1085 1100 12
1086 1011 11
1087 1110 14
1088 1010 10
1089 1010 10
1090 1110 14
1091 1100 12
1092 1101 13
1093 1100 12
1094 1011 11
1095 1010 10
1096 1101 13
1097 1111 15
1098 1101 13
1099 1110 14
1100 1101 13
1101 1111 15
1102 1011 11
1103 1001 9
1104 1101 13
1105 1011 11
1106 1010 10
1107 1110 14
1108 1101 13
1109 1111 15
1110 1100 12
1111 1001 9
1112 1110 14
1113 1011 11
1114 1100 12
1115 1110 14
1116 1111 15
1117 1110 14
1118 1110 14
1119 1110 14
1120 1000 8
1121 1111 15
1122 1111 15
1123 1000 8
1124 1111 15
1125 1101 13
1126 1101 13
1127 1001 9
1128 1000 8
1129 1000 8
1130 1101 13
1131 1010 10
1132 1111 15
1133 1011 11
1134 1101 13
1135 1000 8
1136 1000 8
1137 1011 11
1138 1011 11
1139 1111 15
1140 1111 15
1141 1110 14
1142 1110 14
1143 1010 10
1144 1100 12
1145 1001 9
1146 1111 15
1147 1010 10
1148 1110 14
1149 1111 15
1150 1110 14
1151 1111 15
1152 1000 8
1153 1110 14
1154 1110 14
1155 1010 10
1156 1011 11
1157 1010 10
1158 1011 11
1159 1111 15
1160 1110 14
1161 1011 11
1162 1011 11
1163 1010 10
1164 1000 8
1165 1100 12
1166 1001 9
1167 1001 9
1168 1110 14
1169 1000 8
1170 1111 15
1171 1000 8
1172 1110 14
1173 1111 15
1174 1111 15
1175 1111 15
1176 1011 11
1177 1001 9
1178 1001 9
1179 1010 10
1180 1100 12
1181 1010 10
1182 1110 14
1183 1000 8
1184 1010 10
1185 1010 10
1186 1010 10
1187 1000 8
1188 1000 8
1189 1101 13
1190 1001 9
1191 1000 8
1192 1010 10
1193 1011 11
1194 1001 9
1195 1100 12
1196 1111 15
1197 1001 9
1198 1111 15
1199 1011 11
1200 1000 8
1201 1101 13
1202 1000 8
1203 1011 11
1204 1101 13
1205 1000 8
1206 1001 9
1207 1001 9
1208 1001 9
1209 1010 10
1210 1101 13
1211 1001 9
1212 1111 15
1213 1111 15
1214 1001 9
1215 1001 9
1216 1100 12
1217 1111 15
1218 1010 10
1219 1001 9
1220 1011 11
1221 1011 11
1222 1011 11
1223 1101 13
1224 1000 8
1225 1000 8
1226 1000 8
1227 1000 8
1228 1111 15
1229 1100 12
1230 1001 9
1231 1110 14
1232 1001 9
1233 1110 14
1234 1011 11
1235 1010 10
1236 1110 14
1237 1000 8
1238 1110 14
1239 1101 13
1240 1100 12
1241 1110 14
1242 1010 10
1243 1100 12
1244 1010 10
1245 1001 9
1246 1000 8
1247 1001 9
1248 1000 8
1249 1111 15
1250 1001 9
1251 1100 12
1252 1011 11
1253 1111 15
1254 1000 8
1255 1111 15
1256 1000 8
1257 1010 10
1258 1111 15
1259 1000 8
1260 1101 13
1261 1000 8
1262 1011 11
1263 1010 10
1264 1111 15
1265 1110 14
1266 1011 11
1267 1111 15
1268 1111 15
1269 1101 13
1270 1111 15
1271 1111 15
1272 1001 9
1273 1111 15
1274 1001 9
1275 1110 14
1276 1001 9
1277 1001 9
1278 1000 8
1279 1001 9
1280 1111 15
1281 1100 12
1282 1101 13
1283 1101 13
1284 1110 14
1285 1101 13
1286 1000 8
1287 1000 8
1288 1100 12
1289 1100 12
1290 1000 8
1291 1000 8
1292 1101 13
1293 1101 13
1294 1011 11
1295 1000 8
1296 1011 11
1297 1010 10
1298 1100 12
1299 1010 10
1300 1010 10
1301 1000 8
1302 1101 13
1303 1001 9
1304 1111 15
1305 1101 13
1306 1100 12
1307 1001 9
1308 1010 10
1309 1110 14
1310 1000 8
1311 1101 13
1312 1001 9
1313 1111 15
1314 1001 9
1315 1110 14
1316 1111 15
1317 1110 14
1318 1100 12
1319 1010 10
1320 1000 8
1321 1010 10
1322 1111 15
1323 1101 13
1324 1011 11
1325 1111 15
1326 1100 12
1327 1001 9
1328 1001 9
1329 1010 10
1330 1110 14
1331 1011 11
1332 1110 14
1333 1111 15
1334 1001 9
1335 1110 14
1336 1111 15
1337 1111 15
1338 1101 13
1339 1010 10
1340 1100 12
1341 1011 11
1342 1100 12
1343 1111 15
1344 1101 13
1345 1111 15
1346 1110 14
1347 1101 13
1348 1001 9
1349 1000 8
1350 1001 9
1351 1000 8
1352 1110 14
1353 1100 12
1354 1011 11
1355 1111 15
1356 1000 8
1357 1010 10
1358 1001 9
1359 1010 10
1360 1111 15
1361 1101 13
1362 1101 13
1363 1101 13
1364 1110 14
1365 1111 15
1366 1010 10
1367 1001 9
1368 1011 11
1369 1100 12
1370 1010 10
1371 1011 11
1372 1111 15
1373 1011 11
1374 1000 8
1375 1011 11
1376 1001 9
1377 1110 14
1378 1010 10
1379 1000 8
1380 1010 10
1381 1101 13
1382 1011 11
1383 1001 9
1384 1011 11
1385 1001 9
1386 1111 15
1387 1100 12
1388 1100 12
1389 1000 8
1390 1010 10
1391 1010 10
1392 1011 11
1393 1010 10
1394 1011 11
1395 1100 12
1396 1011 11
1397 1110 14
1398 1001 9
1399 1101 13
1400 1110 14
1401 1010 10
1402 1011 11
1403 1111 15
1404 1101 13
1405 1011 11
1406 1110 14
1407 1110 14
1408 1000 8
1409 1000 8
1410 1110 14
1411 1101 13
1412 1001 9
1413 1110 14
1414 1001 9
1415 1011 11
1416 1111 15
1417 1011 11
1418 1010 10
1419 1111 15
1420 1100 12
1421 1011 11
1422 1100 12
1423 1101 13
1424 1010 10
1425 1101 13
1426 1011 11
1427 1010 10
1428 1001 9
1429 1011 11
1430 1010 10
1431 1110 14
1432 1001 9
1433 1001 9
1434 1101 13
1435 1101 13
1436 1110 14
1437 1010 10
1438 1000 8
1439 1011 11
1440 1111 15
1441 1001 9
1442 1011 11
1443 1100 12
1444 1010 10
1445 1111 15
1446 1011 11
1447 1011 11
1448 1111 15
1449 1100 12
1450 1011 11
1451 1100 12
1452 1000 8
1453 1100 12
1454 1101 13
1455 1000 8
1456 1010 10
1457 1010 10
1458 1000 8
1459 1000 8
1460 1010 10
1461 1101 13
1462 1110 14
1463 1001 9
1464 1111 15
1465 1111 15
1466 1101 13
1467 1110 14
1468 1111 15
1469 1101 13
1470 1011 11
1471 1111 15
1472 1011 11
1473 1101 13
1474 1110 14
1475 1110 14
1476 1001 9
1477 1011 11
1478 1101 13
1479 1101 13
1480 1010 10
1481 1000 8
1482 1100 12
1483 1111 15
1484 1001 9
1485 1100 12
1486 1111 15
1487 1111 15
1488 1010 10
1489 1000 8
1490 1000 8
1491 1010 10
1492 1011 11
1493 1101 13
1494 1100 12
1495 1101 13
1496 1110 14
1497 1010 10
1498 1101 13
1499 1110 14
1500 1101 13
1501 1101 13
1502 1101 13
1503 1010 10
1504 1001 9
1505 1101 13
1506 1011 11
1507 1001 9
1508 1001 9
1509 1110 14
1510 1011 11
1511 1111 15
1512 1100 12
1513 1011 11
1514 1001 9
1515 1011 11
1516 1110 14
1517 1110 14
1518 1000 8
1519 1011 11
1520 1011 11
1521 1010 10
1522 1101 13
1523 1110 14
1524 1001 9
1525 1101 13
1526 1101 13
1527 1000 8
1528 1000 8
1529 1100 12
1530 1100 12
1531 1100 12
1532 1000 8
1533 1001 9
1534 1111 15
1535 1110 14
1536 1110 14
1537 1011 11
1538 1011 11
1539 1110 14
1540 1011 11
1541 1111 15
1542 1110 14
1543 1010 10
1544 1010 10
1545 1110 14
1546 1111 15
1547 1110 14
1548 1110 14
1549 1010 10
1550 1100 12
1551 1101 13
1552 1001 9
1553 1011 11
1554 1111 15
1555 1001 9
1556 1011 11
1557 1001 9
1558 1000 8
1559 1100 12
1560 1010 10
1561 1110 14
1562 1001 9
1563 1100 12
1564 1011 11
1565 1100 12
1566 1100 12
1567 1101 13
1568 1111 15
1569 1101 13
1570 1110 14
1571 1110 14
1572 1011 11
1573 1010 10
1574 1100 12
1575 1111 15
1576 1010 10
1577 1010 10
1578 1011 11
1579 1010 10
1580 1101 13
1581 1101 13
1582 1011 11
1583 1111 15
1584 1011 11
1585 1000 8
1586 1001 9
1587 1101 13
1588 1011 11
1589 1001 9
1590 1110 14
1591 1000 8
1592 1001 9
1593 1101 13
1594 1100 12
1595 1110 14
1596 1000 8
1597 1100 12
1598 1011 11
1599 1110 14
1600 1010 10
1601 1011 11
1602 1001 9
1603 1000 8
1604 1100 12
1605 1011 11
1606 1110 14
1607 1110 14
1608 1011 11
1609 1111 15
1610 1100 12
1611 1110 14
1612 1111 15
1613 1001 9
1614 1101 13
1615 1111 15
1616 1101 13
1617 1100 12
1618 1010 10
1619 1111 15
1620 1000 8
1621 1101 13
1622 1101 13
1623 1100 12
1624 1111 15
1625 1100 12
1626 1110 14
1627 1101 13
1628 1000 8
1629 1001 9
1630 1010 10
1631 1100 12
1632 1011 11
1633 1011 11
1634 1110 14
1635 1101 13
1636 1010 10
1637 1111 15
1638 1110 14
1639 1110 14
1640 1111 15
1641 1101 13
1642 1011 11
1643 1100 12
1644 1010 10
1645 1100 12
1646 1110 14
1647 1100 12
1648 1111 15
1649 1011 11
1650 1100 12
1651 1001 9
1652 1111 15
1653 1101 13
1654 1100 12
1655 1110 14
1656 1010 10
1657 1001 9
1658 1111 15
1659 1100 12
1660 1110 14
1661 1111 15
1662 1100 12
1663 1101 13
1664 1101 13
1665 1100 12
1666 1011 11
1667 1010 10
1668 1111 15
1669 1100 12
1670 1010 10
1671 1010 10
1672 1000 8
1673 1100 12
1674 1110 14
1675 1100 12
1676 1101 13
1677 1110 14
1678 1000 8
1679 1000 8
1680 1000 8
1681 1111 15
1682 1100 12
1683 1000 8
1684 1000 8
1685 1111 15
1686 1000 8
1687 1011 11
1688 1001 9
1689 1000 8
1690 1100 12
1691 1010 10
1692 1101 13
1693 1000 8
1694 1101 13
1695 1110 14
1696 1101 13
1697 1100 12
1698 1100 12
1699 1001 9
1700 1101 13
1701 1010 10
1702 1011 11
1703 1100 12
1704 1011 11
1705 1010 10
1706 1010 10
1707 1111 15
1708 1001 9
1709 1000 8
1710 1000 8
1711 1110 14
1712 1011 11
1713 1000 8
1714 1011 11
1715 1001 9
1716 1010 10
1717 1100 12
1718 1111 15
1719 1011 11
1720 1010 10
1721 1001 9
1722 1000 8
1723 1101 13
1724 1100 12
1725 1101 13
1726 1111 15
1727 1101 13
1728 1010 10
1729 1001 9
1730 1011 11
1731 1100 12
1732 1101 13
1733 1010 10
1734 1010 10
1735 1100 12
1736 1010 10
1737 1010 10
1738 1100 12
1739 1111 15
1740 1100 12
1741 1000 8
1742 1001 9
1743 1100 12
1744 1010 10
1745 1000 8
1746 1001 9
1747 1101 13
1748 1101 13
1749 1011 11
1750 1110 14
1751 1000 8
1752 1100 12
1753 1101 13
1754 1110 14
1755 1100 12
1756 1010 10
1757 1111 15
1758 1111 15
1759 1110 14
1760 1101 13
1761 1000 8
1762 1011 11
1763 1000 8
1764 1000 8
1765 1111 15
1766 1101 13
1767 1000 8
1768 1000 8
1769 1100 12
1770 1000 8
1771 1011 11
1772 1101 13
1773 1001 9
1774 1111 15
1775 1111 15
1776 1001 9
1777 1000 8
1778 1111 15
1779 1101 13
1780 1110 14
1781 1101 13
1782 1011 11
1783 1110 14
1784 1010 10
1785 1000 8
1786 1110 14
1787 1101 13
1788 1010 10
1789 1100 12
1790 1100 12
1791 1010 10
1792 1111 15
1793 1110 14
1794 1000 8
1795 1011 11
1796 1111 15
1797 1001 9
1798 1100 12
1799 1000 8
1800 1001 9
1801 1101 13
1802 1001 9
1803 1011 11
1804 1110 14
1805 1010 10
1806 1010 10
1807 1010 10
1808 1110 14
1809 1101 13
1810 1010 10
1811 1100 12
1812 1111 15
1813 1110 14
1814 1110 14
1815 1010 10
1816 1100 12
1817 1000 8
1818 1000 8
1819 1110 14
1820 1001 9
1821 1000 8
1822 1100 12
1823 1110 14
1824 1111 15
1825 1111 15
1826 1111 15
1827 1011 11
1828 1100 12
1829 1000 8
1830 1011 11
1831 1101 13
1832 1101 13
1833 1100 12
1834 1001 9
1835 1011 11
1836 1000 8
1837 1110 14
1838 1001 9
1839 1010 10
1840 1110 14
1841 1110 14
1842 1001 9
1843 1000 8
1844 1100 12
1845 1011 11
1846 1001 9
1847 1011 11
1848 1110 14
1849 1100 12
1850 1011 11
1851 1011 11
1852 1010 10
1853 1000 8
1854 1000 8
1855 1011 11
1856 1101 13
1857 1101 13
1858 1100 12
1859 1111 15
1860 1101 13
1861 1100 12
1862 1111 15
1863 1011 11
1864 1000 8
1865 1110 14
1866 1010 10
1867 1001 9
1868 1010 10
1869 1000 8
1870 1010 10
1871 1001 9
1872 1110 14
1873 1100 12
1874 1110 14
1875 1101 13
1876 1011 11
1877 1000 8
1878 1101 13
1879 1000 8
1880 1010 10
1881 1100 12
1882 1110 14
1883 1101 13
1884 1100 12
1885 1111 15
1886 1101 13
1887 1110 14
1888 1110 14
1889 1100 12
1890 1111 15
1891 1111 15
1892 1011 11
1893 1110 14
1894 1100 12
1895 1101 13
1896 1010 10
1897 1001 9
1898 1010 10
1899 1010 10
1900 1101 13
1901 1001 9
1902 1011 11
1903 1110 14
1904 1000 8
1905 1000 8
1906 1100 12
1907 1000 8
1908 1101 13
1909 1001 9
1910 1010 10
1911 1011 11
1912 1100 12
1913 1111 15
1914 1111 15
1915 1101 13
1916 1111 15
1917 1001 9
1918 1000 8
1919 1010 10
1920 1010 10
1921 1011 11
1922 1101 13
1923 1100 12
1924 1100 12
1925 1111 15
1926 1011 11
1927 1111 15
1928 1010 10
1929 1100 12
1930 1111 15
1931 1111 15
1932 1100 12
1933 1111 15
1934 1000 8
1935 1110 14
1936 1111 15
1937 1111 15
1938 1010 10
1939 1010 10
1940 1101 13
1941 1001 9
1942 1010 10
1943 1100 12
1944 1110 14
1945 1100 12
1946 1100 12
1947 1011 11
1948 1101 13
1949 1101 13
1950 1111 15
1951 1011 11
1952 1011 11
1953 1010 10
1954 1101 13
1955 1111 15
1956 1010 10
1957 1111 15
1958 1001 9
1959 1110 14
1960 1010 10
1961 1011 11
1962 1100 12
1963 1010 10
1964 1101 13
1965 1001 9
1966 1000 8
1967 1010 10
1968 1000 8
1969 1101 13
1970 1010 10
1971 1111 15
1972 1001 9
1973 1101 13
1974 1100 12
1975 1101 13
1976 1111 15
1977 1101 13
1978 1101 13
1979 1101 13
1980 1010 10
1981 1000 8
1982 1001 9
1983 1110 14
1984 1100 12
1985 1001 9
1986 1100 12
1987 1000 8
1988 1011 11
1989 1011 11
1990 1111 15
1991 1110 14
1992 1111 15
1993 1100 12
1994 1010 10
1995 1111 15
1996 1110 14
1997 1001 9
1998 1010 10
1999 1111 15
2000 1001 9
2001 1110 14
2002 1010 10
2003 1110 14
2004 1100 12
2005 1101 13
2006 1000 8
2007 1001 9
2008 1111 15
2009 1010 10
2010 1010 10
2011 1100 12
2012 1100 12
2013 1011 11
2014 1001 9
2015 1010 10
2016 1101 13
2017 1101 13
2018 1001 9
2019 1110 14
2020 1100 12
2021 1001 9
2022 1101 13
2023 1001 9
2024 1010 10
2025 1011 11
2026 1101 13
2027 1111 15
2028 1111 15
2029 1010 10
2030 1011 11
2031 1111 15
2032 1101 13
2033 1011 11
2034 1100 12
2035 1111 15
2036 1110 14
2037 1000 8
2038 1011 11
2039 1000 8
2040 1100 12
2041 1111 15
2042 1011 11
2043 1101 13
2044 1011 11
2045 1101 13
2046 1101 13
2047 1110 14

