0 00000000 0
1 00001001 9
2 00000011 3
3 00001101 13
4 00000111 7
5 00000001 1
6 00001011 11
7 00000101 5
8 00001111 15
9 00001000 8
10 00000010 2
11 00001100 12
12 00000110 6
13 00000000 0
14 00001010 10
15 00000100 4
16 00001110 14
17 00001000 8
18 00000001 1
19 00001011 11
20 00000101 5
21 00001111 15
22 00001001 9
23 00000011 3
24 00001101 13
25 00000111 7
26 00000001 1
27 00001010 10
28 00000100 4
29 00001110 14
30 00001000 8
31 00000010 2
32 00001100 12
33 00000110 6
34 00000000 0
35 00001010 10
36 00000011 3
37 00001101 13
38 00000111 7
39 00000001 1
40 00001011 11
41 00000101 5
42 00001111 15
43 00001001 9
44 00000011 3
45 00001100 12
46 00000110 6
47 00000000 0
48 00001010 10
49 00000100 4
50 00001110 14
51 00001000 8
52 00000010 2
53 00001100 12
54 00000101 5
55 00001111 15
56 00001001 9
57 00000011 3
58 00001101 13
59 00000111 7
60 00000001 1
61 00001011 11
62 00000101 5
63 00001110 14
64 00001000 8
65 00000010 2
66 00001100 12
67 00000110 6
68 00000000 0
69 00001010 10
70 00000100 4
71 00001110 14
72 00000111 7
73 00000001 1
74 00001011 11
75 00000101 5
76 00001111 15
77 00001001 9
78 00000011 3
79 00001101 13
80 00000111 7
81 00000000 0
82 00001010 10
83 00000100 4
84 00001110 14
85 00001000 8
86 00000010 2
87 00001100 12
88 00000110 6
89 00000000 0
90 00001001 9
91 00000011 3
92 00001101 13
93 00000111 7
94 00000001 1
95 00001011 11
96 00000101 5
97 00001111 15
98 00001001 9
99 00000010 2
100 00001100 12
101 00000110 6
102 00000000 0
103 00001010 10
104 00000100 4
105 00001110 14
106 00001000 8
107 00000010 2
108 00001011 11
109 00000101 5
110 00001111 15
111 00001001 9
112 00000011 3
113 00001101 13
114 00000111 7
115 00000001 1
116 00001011 11
117 00000100 4
118 00001110 14
119 00001000 8
120 00000010 2
121 00001100 12
122 00000110 6
123 00000000 0
124 00001010 10
125 00000100 4
126 00001101 13
127 00000111 7
128 00000001 1
129 00001011 11
130 00000101 5
131 00001111 15
132 00001001 9
133 00000011 3
134 00001101 13
135 00000110 6
136 00000000 0
137 00001010 10
138 00000100 4
139 00001110 14
140 00001000 8
141 00000010 2
142 00001100 12
143 00000110 6
144 00001111 15
145 00001001 9
146 00000011 3
147 00001101 13
148 00000111 7
149 00000001 1
150 00001011 11
151 00000101 5
152 00001111 15
153 00001000 8
154 00000010 2
155 00001100 12
156 00000110 6
157 00000000 0
158 00001010 10
159 00000100 4
160 00001110 14
161 00001000 8
162 00000001 1
163 00001011 11
164 00000101 5
165 00001111 15
166 00001001 9
167 00000011 3
168 00001101 13
169 00000111 7
170 00000001 1
171 00001010 10
172 00000100 4
173 00001110 14
174 00001000 8
175 00000010 2
176 00001100 12
177 00000110 6
178 00000000 0
179 00001010 10
180 00000011 3
181 00001101 13
182 00000111 7
183 00000001 1
184 00001011 11
185 00000101 5
186 00001111 15
187 00001001 9
188 00000011 3
189 00001100 12
190 00000110 6
191 00000000 0
192 00001010 10
193 00000100 4
194 00001110 14
195 00001000 8
196 00000010 2
197 00001100 12
198 00000101 5
199 00001111 15
200 00001001 9
201 00000011 3
202 00001101 13
203 00000111 7
204 00000001 1
205 00001011 11
206 00000101 5
207 00001110 14
208 00001000 8
209 00000010 2
210 00001100 12
211 00000110 6
212 00000000 0
213 00001010 10
214 00000100 4
215 00001110 14
216 00000111 7
217 00000001 1
218 00001011 11
219 00000101 5
220 00001111 15
221 00001001 9
222 00000011 3
223 00001101 13
224 00000111 7
225 00000000 0
226 00001010 10
227 00000100 4
228 00001110 14
229 00001000 8
230 00000010 2
231 00001100 12
232 00000110 6
233 00000000 0
234 00001001 9
235 00000011 3
236 00001101 13
237 00000111 7
238 00000001 1
239 00001011 11
240 00000101 5
241 00001111 15
242 00001001 9
243 00000010 2
244 00001100 12
245 00000110 6
246 00000000 0
247 00001010 10
248 00000100 4
249 00001110 14
250 00001000 8
251 00000010 2
252 00001011 11
253 00000101 5
254 00001111 15
255 00001001 9
256 00000011 3
257 00001101 13
258 00000111 7
259 00000001 1
260 00001011 11
261 00000100 4
262 00001110 14
263 00001000 8
264 00000010 2
265 00001100 12
266 00000110 6
267 00000000 0
268 00001010 10
269 00000100 4
270 00001101 13
271 00000111 7
272 00000001 1
273 00001011 11
274 00000101 5
275 00001111 15
276 00001001 9
277 00000011 3
278 00001101 13
279 00000110 6
280 00000000 0
281 00001010 10
282 00000100 4
283 00001110 14
284 00001000 8
285 00000010 2
286 00001100 12
287 00000110 6
288 00001111 15
289 00001001 9
290 00000011 3
291 00001101 13
292 00000111 7
293 00000001 1
294 00001011 11
295 00000101 5
296 00001111 15
297 00001000 8
298 00000010 2
299 00001100 12
300 00000110 6
301 00000000 0
302 00001010 10
303 00000100 4
304 00001110 14
305 00001000 8
306 00000001 1
307 00001011 11
308 00000101 5
309 00001111 15
310 00001001 9
311 00000011 3
312 00001101 13
313 00000111 7
314 00000001 1
315 00001010 10
316 00000100 4
317 00001110 14
318 00001000 8
319 00000010 2
320 00001100 12
321 00000110 6
322 00000000 0
323 00001001 9
324 00000011 3
325 00001101 13
326 00000111 7
327 00000001 1
328 00001011 11
329 00000101 5
330 00001111 15
331 00001001 9
332 00000010 2
333 00001100 12
334 00000110 6
335 00000000 0
336 00001010 10
337 00000100 4
338 00001110 14
339 00001000 8
340 00000010 2
341 00001011 11
342 00000101 5
343 00001111 15
344 00001001 9
345 00000011 3
346 00001101 13
347 00000111 7
348 00000001 1
349 00001011 11
350 00000100 4
351 00001110 14
352 00001000 8
353 00000010 2
354 00001100 12
355 00000110 6
356 00000000 0
357 00001010 10
358 00000100 4
359 00001101 13
360 00000111 7
361 00000001 1
362 00001011 11
363 00000101 5
364 00001111 15
365 00001001 9
366 00000011 3
367 00001101 13
368 00000110 6
369 00000000 0
370 00001010 10
371 00000100 4
372 00001110 14
373 00001000 8
374 00000010 2
375 00001100 12
376 00000110 6
377 00001111 15
378 00001001 9
379 00000011 3
380 00001101 13
381 00000111 7
382 00000001 1
383 00001011 11
384 00000101 5
385 00001111 15
386 00001000 8
387 00000010 2
388 00001100 12
389 00000110 6
390 00000000 0
391 00001010 10
392 00000100 4
393 00001110 14
394 00001000 8
395 00000001 1
396 00001011 11
397 00000101 5
398 00001111 15
399 00001001 9
400 00000011 3
401 00001101 13
402 00000111 7
403 00000001 1
404 00001010 10
405 00000100 4
406 00001110 14
407 00001000 8
408 00000010 2
409 00001100 12
410 00000110 6
411 00000000 0
412 00001010 10
413 00000011 3
414 00001101 13
415 00000111 7
416 00000001 1
417 00001011 11
418 00000101 5
419 00001111 15
420 00001001 9
421 00000011 3
422 00001100 12
423 00000110 6
424 00000000 0
425 00001010 10
426 00000100 4
427 00001110 14
428 00001000 8
429 00000010 2
430 00001100 12
431 00000101 5
432 00001111 15
433 00001001 9
434 00000011 3
435 00001101 13
436 00000111 7
437 00000001 1
438 00001011 11
439 00000101 5
440 00001110 14
441 00001000 8
442 00000010 2
443 00001100 12
444 00000110 6
445 00000000 0
446 00001010 10
447 00000100 4
448 00001110 14
449 00000111 7
450 00000001 1
451 00001011 11
452 00000101 5
453 00001111 15
454 00001001 9
455 00000011 3
456 00001101 13
457 00000111 7
458 00000000 0
459 00001010 10
460 00000100 4
461 00001110 14
462 00001000 8
463 00000010 2
464 00001100 12
465 00000110 6
466 00000000 0
467 00001001 9
468 00000011 3
469 00001101 13
470 00000111 7
471 00000001 1
472 00001011 11
473 00000101 5
474 00001111 15
475 00001001 9
476 00000010 2
477 00001100 12
478 00000110 6
479 00000000 0
480 00001010 10
481 00000100 4
482 00001110 14
483 00001000 8
484 00000010 2
485 00001011 11
486 00000101 5
487 00001111 15
488 00001001 9
489 00000011 3
490 00001101 13
491 00000111 7
492 00000001 1
493 00001011 11
494 00000100 4
495 00001110 14
496 00001000 8
497 00000010 2
498 00001100 12
499 00000110 6
500 00000000 0
501 00001010 10
502 00000100 4
503 00001101 13
504 00000111 7
505 00000001 1
506 00001011 11
507 00000101 5
508 00001111 15
509 00001001 9
510 00000011 3
511 00001101 13
512 00000110 6
513 00000000 0
514 00001010 10
515 00000100 4
516 00001110 14
517 00001000 8
518 00000010 2
519 00001100 12
520 00000110 6
521 00001111 15
522 00001001 9
523 00000011 3
524 00001101 13
525 00000111 7
526 00000001 1
527 00001011 11
528 00000101 5
529 00001111 15
530 00001000 8
531 00000010 2
532 00001100 12
533 00000110 6
534 00000000 0
535 00001010 10
536 00000100 4
537 00001110 14
538 00001000 8
539 00000001 1
540 00001011 11
541 00000101 5
542 00001111 15
543 00001001 9
544 00000011 3
545 00001101 13
546 00000111 7
547 00000001 1
548 00001010 10
549 00000100 4
550 00001110 14
551 00001000 8
552 00000010 2
553 00001100 12
554 00000110 6
555 00000000 0
556 00001010 10
557 00000011 3
558 00001101 13
559 00000111 7
560 00000001 1
561 00001011 11
562 00000101 5
563 00001111 15
564 00001001 9
565 00000011 3
566 00001100 12
567 00000110 6
568 00000000 0
569 00001010 10
570 00000100 4
571 00001110 14
572 00001000 8
573 00000010 2
574 00001100 12
575 00000101 5
576 00001111 15
577 00001001 9
578 00000011 3
579 00001101 13
580 00000111 7
581 00000001 1
582 00001011 11
583 00000101 5
584 00001110 14
585 00001000 8
586 00000010 2
587 00001100 12
588 00000110 6
589 00000000 0
590 00001010 10
591 00000100 4
592 00001110 14
593 00000111 7
594 00000001 1
595 00001011 11
596 00000101 5
597 00001111 15
598 00001001 9
599 00000011 3
600 00001101 13
601 00000111 7
602 00000000 0
603 00001010 10
604 00000100 4
605 00001110 14
606 00001000 8
607 00000010 2
608 00001100 12
609 00000110 6
610 00000000 0
611 00001001 9
612 00000011 3
613 00001101 13
614 00000111 7
615 00000001 1
616 00001011 11
617 00000101 5
618 00001111 15
619 00001001 9
620 00000010 2
621 00001100 12
622 00000110 6
623 00000000 0
624 00001010 10
625 00000100 4
626 00001110 14
627 00001000 8
628 00000010 2
629 00001011 11
630 00000101 5
631 00001111 15
632 00001001 9
633 00000011 3
634 00001101 13
635 00000111 7
636 00000001 1
637 00001011 11
638 00000100 4
639 00001110 14
640 00001000 8
641 00000010 2
642 00001100 12
643 00000110 6
644 00000000 0
645 00001010 10
646 00000011 3
647 00001101 13
648 00000111 7
649 00000001 1
650 00001011 11
651 00000101 5
652 00001111 15
653 00001001 9
654 00000011 3
655 00001100 12
656 00000110 6
657 00000000 0
658 00001010 10
659 00000100 4
660 00001110 14
661 00001000 8
662 00000010 2
663 00001100 12
664 00000101 5
665 00001111 15
666 00001001 9
667 00000011 3
668 00001101 13
669 00000111 7
670 00000001 1
671 00001011 11
672 00000101 5
673 00001110 14
674 00001000 8
675 00000010 2
676 00001100 12
677 00000110 6
678 00000000 0
679 00001010 10
680 00000100 4
681 00001110 14
682 00000111 7
683 00000001 1
684 00001011 11
685 00000101 5
686 00001111 15
687 00001001 9
688 00000011 3
689 00001101 13
690 00000111 7
691 00000000 0
692 00001010 10
693 00000100 4
694 00001110 14
695 00001000 8
696 00000010 2
697 00001100 12
698 00000110 6
699 00000000 0
700 00001001 9
701 00000011 3
702 00001101 13
703 00000111 7
704 00000001 1
705 00001011 11
706 00000101 5
707 00001111 15
708 00001001 9
709 00000010 2
710 00001100 12
711 00000110 6
712 00000000 0
713 00001010 10
714 00000100 4
715 00001110 14
716 00001000 8
717 00000010 2
718 00001011 11
719 00000101 5
720 00001111 15
721 00001001 9
722 00000011 3
723 00001101 13
724 00000111 7
725 00000001 1
726 00001011 11
727 00000100 4
728 00001110 14
729 00001000 8
730 00000010 2
731 00001100 12
732 00000110 6
733 00000000 0
734 00001010 10
735 00000100 4
736 00001101 13
737 00000111 7
738 00000001 1
739 00001011 11
740 00000101 5
741 00001111 15
742 00001001 9
743 00000011 3
744 00001101 13
745 00000110 6
746 00000000 0
747 00001010 10
748 00000100 4
749 00001110 14
750 00001000 8
751 00000010 2
752 00001100 12
753 00000110 6
754 00001111 15
755 00001001 9
756 00000011 3
757 00001101 13
758 00000111 7
759 00000001 1
760 00001011 11
761 00000101 5
762 00001111 15
763 00001000 8
764 00000010 2
765 00001100 12
766 00000110 6
767 00000000 0
768 00001010 10
769 00000100 4
770 00001110 14
771 00001000 8
772 00000001 1
773 00001011 11
774 00000101 5
775 00001111 15
776 00001001 9
777 00000011 3
778 00001101 13
779 00000111 7
780 00000001 1
781 00001010 10
782 00000100 4
783 00001110 14
784 00001000 8
785 00000010 2
786 00001100 12
787 00000110 6
788 00000000 0
789 00001010 10
790 00000011 3
791 00001101 13
792 00000111 7
793 00000001 1
794 00001011 11
795 00000101 5
796 00001111 15
797 00001001 9
798 00000011 3
799 00001100 12
800 00000110 6
801 00000000 0
802 00001010 10
803 00000100 4
804 00001110 14
805 00001000 8
806 00000010 2
807 00001100 12
808 00000101 5
809 00001111 15
810 00001001 9
811 00000011 3
812 00001101 13
813 00000111 7
814 00000001 1
815 00001011 11
816 00000101 5
817 00001110 14
818 00001000 8
819 00000010 2
820 00001100 12
821 00000110 6
822 00000000 0
823 00001010 10
824 00000100 4
825 00001110 14
826 00000111 7
827 00000001 1
828 00001011 11
829 00000101 5
830 00001111 15
831 00001001 9
832 00000011 3
833 00001101 13
834 00000111 7
835 00000000 0
836 00001010 10
837 00000100 4
838 00001110 14
839 00001000 8
840 00000010 2
841 00001100 12
842 00000110 6
843 00000000 0
844 00001001 9
845 00000011 3
846 00001101 13
847 00000111 7
848 00000001 1
849 00001011 11
850 00000101 5
851 00001111 15
852 00001001 9
853 00000010 2
854 00001100 12
855 00000110 6
856 00000000 0
857 00001010 10
858 00000100 4
859 00001110 14
860 00001000 8
861 00000010 2
862 00001011 11
863 00000101 5
864 00001111 15
865 00001001 9
866 00000011 3
867 00001101 13
868 00000111 7
869 00000001 1
870 00001011 11
871 00000100 4
872 00001110 14
873 00001000 8
874 00000010 2
875 00001100 12
876 00000110 6
877 00000000 0
878 00001010 10
879 00000100 4
880 00001101 13
881 00000111 7
882 00000001 1
883 00001011 11
884 00000101 5
885 00001111 15
886 00001001 9
887 00000011 3
888 00001101 13
889 00000110 6
890 00000000 0
891 00001010 10
892 00000100 4
893 00001110 14
894 00001000 8
895 00000010 2
896 00001100 12
897 00000110 6
898 00001111 15
899 00001001 9
900 00000011 3
901 00001101 13
902 00000111 7
903 00000001 1
904 00001011 11
905 00000101 5
906 00001111 15
907 00001000 8
908 00000010 2
909 00001100 12
910 00000110 6
911 00000000 0
912 00001010 10
913 00000100 4
914 00001110 14
915 00001000 8
916 00000001 1
917 00001011 11
918 00000101 5
919 00001111 15
920 00001001 9
921 00000011 3
922 00001101 13
923 00000111 7
924 00000001 1
925 00001010 10
926 00000100 4
927 00001110 14
928 00001000 8
929 00000010 2
930 00001100 12
931 00000110 6
932 00000000 0
933 00001010 10
934 00000011 3
935 00001101 13
936 00000111 7
937 00000001 1
938 00001011 11
939 00000101 5
940 00001111 15
941 00001001 9
942 00000011 3
943 00001100 12
944 00000110 6
945 00000000 0
946 00001010 10
947 00000100 4
948 00001110 14
949 00001000 8
950 00000010 2
951 00001100 12
952 00000101 5
953 00001111 15
954 00001001 9
955 00000011 3
956 00001101 13
957 00000111 7
958 00000001 1
959 00001011 11
960 00000101 5
961 00001110 14
962 00001000 8
963 00000010 2
964 00001100 12
965 00000110 6
966 00000000 0
967 00001010 10
968 00000100 4
969 00001101 13
970 00000111 7
971 00000001 1
972 00001011 11
973 00000101 5
974 00001111 15
975 00001001 9
976 00000011 3
977 00001101 13
978 00000110 6
979 00000000 0
980 00001010 10
981 00000100 4
982 00001110 14
983 00001000 8
984 00000010 2
985 00001100 12
986 00000110 6
987 00001111 15
988 00001001 9
989 00000011 3
990 00001101 13
991 00000111 7
992 00000001 1
993 00001011 11
994 00000101 5
995 00001111 15
996 00001000 8
997 00000010 2
998 00001100 12
999 00000110 6
1000 00000000 0
1001 00001010 10
1002 00000100 4
1003 00001110 14
1004 00001000 8
1005 00000001 1
1006 00001011 11
1007 00000101 5
1008 00001111 15
1009 00001001 9
1010 00000011 3
1011 00001101 13
1012 00000111 7
1013 00000001 1
1014 00001010 10
1015 00000100 4
1016 00001110 14
1017 00001000 8
1018 00000010 2
1019 00001100 12
1020 00000110 6
1021 00000000 0
1022 00001010 10
1023 00000011 3
1024 00001101 13
1025 00000111 7
1026 00000001 1
1027 00001011 11
1028 00000101 5
1029 00001111 15
1030 00001001 9
1031 00000011 3
1032 00001100 12
1033 00000110 6
1034 00000000 0
1035 00001010 10
1036 00000100 4
1037 00001110 14
1038 00001000 8
1039 00000010 2
1040 00001100 12
1041 00000101 5
1042 00001111 15
1043 00001001 9
1044 00000011 3
1045 00001101 13
1046 00000111 7
1047 00000001 1
1048 00001011 11
1049 00000101 5
1050 00001110 14
1051 00001000 8
1052 00000010 2
1053 00001100 12
1054 00000110 6
1055 00000000 0
1056 00001010 10
1057 00000100 4
1058 00001110 14
1059 00000111 7
1060 00000001 1
1061 00001011 11
1062 00000101 5
1063 00001111 15
1064 00001001 9
1065 00000011 3
1066 00001101 13
1067 00000111 7
1068 00000000 0
1069 00001010 10
1070 00000100 4
1071 00001110 14
1072 00001000 8
1073 00000010 2
1074 00001100 12
1075 00000110 6
1076 00000000 0
1077 00001001 9
1078 00000011 3
1079 00001101 13
1080 00000111 7
1081 00000001 1
1082 00001011 11
1083 00000101 5
1084 00001111 15
1085 00001001 9
1086 00000010 2
1087 00001100 12
1088 00000110 6
1089 00000000 0
1090 00001010 10
1091 00000100 4
1092 00001110 14
1093 00001000 8
1094 00000010 2
1095 00001011 11
1096 00000101 5
1097 00001111 15
1098 00001001 9
1099 00000011 3
1100 00001101 13
1101 00000111 7
1102 00000001 1
1103 00001011 11
1104 00000100 4
1105 00001110 14
1106 00001000 8
1107 00000010 2
1108 00001100 12
1109 00000110 6
1110 00000000 0
1111 00001010 10
1112 00000100 4
1113 00001101 13
1114 00000111 7
1115 00000001 1
1116 00001011 11
1117 00000101 5
1118 00001111 15
1119 00001001 9
1120 00000011 3
1121 00001101 13
1122 00000110 6
1123 00000000 0
1124 00001010 10
1125 00000100 4
1126 00001110 14
1127 00001000 8
1128 00000010 2
1129 00001100 12
1130 00000110 6
1131 00001111 15
1132 00001001 9
1133 00000011 3
1134 00001101 13
1135 00000111 7
1136 00000001 1
1137 00001011 11
1138 00000101 5
1139 00001111 15
1140 00001000 8
1141 00000010 2
1142 00001100 12
1143 00000110 6
1144 00000000 0
1145 00001010 10
1146 00000100 4
1147 00001110 14
1148 00001000 8
1149 00000001 1
1150 00001011 11
1151 00000101 5
1152 00001111 15
1153 00001001 9
1154 00000011 3
1155 00001101 13
1156 00000111 7
1157 00000001 1
1158 00001010 10
1159 00000100 4
1160 00001110 14
1161 00001000 8
1162 00000010 2
1163 00001100 12
1164 00000110 6
1165 00000000 0
1166 00001010 10
1167 00000011 3
1168 00001101 13
1169 00000111 7
1170 00000001 1
1171 00001011 11
1172 00000101 5
1173 00001111 15
1174 00001001 9
1175 00000011 3
1176 00001100 12
1177 00000110 6
1178 00000000 0
1179 00001010 10
1180 00000100 4
1181 00001110 14
1182 00001000 8
1183 00000010 2
1184 00001100 12
1185 00000101 5
1186 00001111 15
1187 00001001 9
1188 00000011 3
1189 00001101 13
1190 00000111 7
1191 00000001 1
1192 00001011 11
1193 00000101 5
1194 00001110 14
1195 00001000 8
1196 00000010 2
1197 00001100 12
1198 00000110 6
1199 00000000 0
1200 00001010 10
1201 00000100 4
1202 00001110 14
1203 00000111 7
1204 00000001 1
1205 00001011 11
1206 00000101 5
1207 00001111 15
1208 00001001 9
1209 00000011 3
1210 00001101 13
1211 00000111 7
1212 00000000 0
1213 00001010 10
1214 00000100 4
1215 00001110 14
1216 00001000 8
1217 00000010 2
1218 00001100 12
1219 00000110 6
1220 00000000 0
1221 00001001 9
1222 00000011 3
1223 00001101 13
1224 00000111 7
1225 00000001 1
1226 00001011 11
1227 00000101 5
1228 00001111 15
1229 00001001 9
1230 00000010 2
1231 00001100 12
1232 00000110 6
1233 00000000 0
1234 00001010 10
1235 00000100 4
1236 00001110 14
1237 00001000 8
1238 00000010 2
1239 00001011 11
1240 00000101 5
1241 00001111 15
1242 00001001 9
1243 00000011 3
1244 00001101 13
1245 00000111 7
1246 00000001 1
1247 00001011 11
1248 00000100 4
1249 00001110 14
1250 00001000 8
1251 00000010 2
1252 00001100 12
1253 00000110 6
1254 00000000 0
1255 00001010 10
1256 00000100 4
1257 00001101 13
1258 00000111 7
1259 00000001 1
1260 00001011 11
1261 00000101 5
1262 00001111 15
1263 00001001 9
1264 00000011 3
1265 00001101 13
1266 00000110 6
1267 00000000 0
1268 00001010 10
1269 00000100 4
1270 00001110 14
1271 00001000 8
1272 00000010 2
1273 00001100 12
1274 00000110 6
1275 00001111 15
1276 00001001 9
1277 00000011 3
1278 00001101 13
1279 00000111 7
1280 00000001 1
1281 00001011 11
1282 00000101 5
1283 00001111 15
1284 00001000 8
1285 00000010 2
1286 00001100 12
1287 00000110 6
1288 00000000 0
1289 00001010 10
1290 00000100 4
1291 00001110 14
1292 00000111 7
1293 00000001 1
1294 00001011 11
1295 00000101 5
1296 00001111 15
1297 00001001 9
1298 00000011 3
1299 00001101 13
1300 00000111 7
1301 00000000 0
1302 00001010 10
1303 00000100 4
1304 00001110 14
1305 00001000 8
1306 00000010 2
1307 00001100 12
1308 00000110 6
1309 00000000 0
1310 00001001 9
1311 00000011 3
1312 00001101 13
1313 00000111 7
1314 00000001 1
1315 00001011 11
1316 00000101 5
1317 00001111 15
1318 00001001 9
1319 00000010 2
1320 00001100 12
1321 00000110 6
1322 00000000 0
1323 00001010 10
1324 00000100 4
1325 00001110 14
1326 00001000 8
1327 00000010 2
1328 00001011 11
1329 00000101 5
1330 00001111 15
1331 00001001 9
1332 00000011 3
1333 00001101 13
1334 00000111 7
1335 00000001 1
1336 00001011 11
1337 00000100 4
1338 00001110 14
1339 00001000 8
1340 00000010 2
1341 00001100 12
1342 00000110 6
1343 00000000 0
1344 00001010 10
1345 00000100 4
1346 00001101 13
1347 00000111 7
1348 00000001 1
1349 00001011 11
1350 00000101 5
1351 00001111 15
1352 00001001 9
1353 00000011 3
1354 00001101 13
1355 00000110 6
1356 00000000 0
1357 00001010 10
1358 00000100 4
1359 00001110 14
1360 00001000 8
1361 00000010 2
1362 00001100 12
1363 00000110 6
1364 00001111 15
1365 00001001 9
1366 00000011 3
1367 00001101 13
1368 00000111 7
1369 00000001 1
1370 00001011 11
1371 00000101 5
1372 00001111 15
1373 00001000 8
1374 00000010 2
1375 00001100 12
1376 00000110 6
1377 00000000 0
1378 00001010 10
1379 00000100 4
1380 00001110 14
1381 00001000 8
1382 00000001 1
1383 00001011 11
1384 00000101 5
1385 00001111 15
1386 00001001 9
1387 00000011 3
1388 00001101 13
1389 00000111 7
1390 00000001 1
1391 00001010 10
1392 00000100 4
1393 00001110 14
1394 00001000 8
1395 00000010 2
1396 00001100 12
1397 00000110 6
1398 00000000 0
1399 00001010 10
1400 00000011 3
1401 00001101 13
1402 00000111 7
1403 00000001 1
1404 00001011 11
1405 00000101 5
1406 00001111 15
1407 00001001 9
1408 00000011 3
1409 00001100 12
1410 00000110 6
1411 00000000 0
1412 00001010 10
1413 00000100 4
1414 00001110 14
1415 00001000 8
1416 00000010 2
1417 00001100 12
1418 00000101 5
1419 00001111 15
1420 00001001 9
1421 00000011 3
1422 00001101 13
1423 00000111 7
1424 00000001 1
1425 00001011 11
1426 00000101 5
1427 00001110 14
1428 00001000 8
1429 00000010 2
1430 00001100 12
1431 00000110 6
1432 00000000 0
1433 00001010 10
1434 00000100 4
1435 00001110 14
1436 00000111 7
1437 00000001 1
1438 00001011 11
1439 00000101 5
1440 00001111 15
1441 00001001 9
1442 00000011 3
1443 00001101 13
1444 00000111 7
1445 00000000 0
1446 00001010 10
1447 00000100 4
1448 00001110 14
1449 00001000 8
1450 00000010 2
1451 00001100 12
1452 00000110 6
1453 00000000 0
1454 00001001 9
1455 00000011 3
1456 00001101 13
1457 00000111 7
1458 00000001 1
1459 00001011 11
1460 00000101 5
1461 00001111 15
1462 00001001 9
1463 00000010 2
1464 00001100 12
1465 00000110 6
1466 00000000 0
1467 00001010 10
1468 00000100 4
1469 00001110 14
1470 00001000 8
1471 00000010 2
1472 00001011 11
1473 00000101 5
1474 00001111 15
1475 00001001 9
1476 00000011 3
1477 00001101 13
1478 00000111 7
1479 00000001 1
1480 00001011 11
1481 00000100 4
1482 00001110 14
1483 00001000 8
1484 00000010 2
1485 00001100 12
1486 00000110 6
1487 00000000 0
1488 00001010 10
1489 00000100 4
1490 00001101 13
1491 00000111 7
1492 00000001 1
1493 00001011 11
1494 00000101 5
1495 00001111 15
1496 00001001 9
1497 00000011 3
1498 00001101 13
1499 00000110 6
1500 00000000 0
1501 00001010 10
1502 00000100 4
1503 00001110 14
1504 00001000 8
1505 00000010 2
1506 00001100 12
1507 00000110 6
1508 00001111 15
1509 00001001 9
1510 00000011 3
1511 00001101 13
1512 00000111 7
1513 00000001 1
1514 00001011 11
1515 00000101 5
1516 00001111 15
1517 00001000 8
1518 00000010 2
1519 00001100 12
1520 00000110 6
1521 00000000 0
1522 00001010 10
1523 00000100 4
1524 00001110 14
1525 00001000 8
1526 00000001 1
1527 00001011 11
1528 00000101 5
1529 00001111 15
1530 00001001 9
1531 00000011 3
1532 00001101 13
1533 00000111 7
1534 00000001 1
1535 00001010 10
1536 00000100 4
1537 00001110 14
1538 00001000 8
1539 00000010 2
1540 00001100 12
1541 00000110 6
1542 00000000 0
1543 00001010 10
1544 00000011 3
1545 00001101 13
1546 00000111 7
1547 00000001 1
1548 00001011 11
1549 00000101 5
1550 00001111 15
1551 00001001 9
1552 00000011 3
1553 00001100 12
1554 00000110 6
1555 00000000 0
1556 00001010 10
1557 00000100 4
1558 00001110 14
1559 00001000 8
1560 00000010 2
1561 00001100 12
1562 00000101 5
1563 00001111 15
1564 00001001 9
1565 00000011 3
1566 00001101 13
1567 00000111 7
1568 00000001 1
1569 00001011 11
1570 00000101 5
1571 00001110 14
1572 00001000 8
1573 00000010 2
1574 00001100 12
1575 00000110 6
1576 00000000 0
1577 00001010 10
1578 00000100 4
1579 00001110 14
1580 00000111 7
1581 00000001 1
1582 00001011 11
1583 00000101 5
1584 00001111 15
1585 00001001 9
1586 00000011 3
1587 00001101 13
1588 00000111 7
1589 00000000 0
1590 00001010 10
1591 00000100 4
1592 00001110 14
1593 00001000 8
1594 00000010 2
1595 00001100 12
1596 00000110 6
1597 00000000 0
1598 00001001 9
1599 00000011 3
1600 00001101 13
1601 00000111 7
1602 00000001 1
1603 00001011 11
1604 00000101 5
1605 00001111 15
1606 00001001 9
1607 00000010 2
1608 00001100 12
1609 00000110 6
1610 00000000 0
1611 00001010 10
1612 00000100 4
1613 00001110 14
1614 00001000 8
1615 00000001 1
1616 00001011 11
1617 00000101 5
1618 00001111 15
1619 00001001 9
1620 00000011 3
1621 00001101 13
1622 00000111 7
1623 00000001 1
1624 00001010 10
1625 00000100 4
1626 00001110 14
1627 00001000 8
1628 00000010 2
1629 00001100 12
1630 00000110 6
1631 00000000 0
1632 00001010 10
1633 00000011 3
1634 00001101 13
1635 00000111 7
1636 00000001 1
1637 00001011 11
1638 00000101 5
1639 00001111 15
1640 00001001 9
1641 00000011 3
1642 00001100 12
1643 00000110 6
1644 00000000 0
1645 00001010 10
1646 00000100 4
1647 00001110 14
1648 00001000 8
1649 00000010 2
1650 00001100 12
1651 00000101 5
1652 00001111 15
1653 00001001 9
1654 00000011 3
1655 00001101 13
1656 00000111 7
1657 00000001 1
1658 00001011 11
1659 00000101 5
1660 00001110 14
1661 00001000 8
1662 00000010 2
1663 00001100 12
1664 00000110 6
1665 00000000 0
1666 00001010 10
1667 00000100 4
1668 00001110 14
1669 00000111 7
1670 00000001 1
1671 00001011 11
1672 00000101 5
1673 00001111 15
1674 00001001 9
1675 00000011 3
1676 00001101 13
1677 00000111 7
1678 00000000 0
1679 00001010 10
1680 00000100 4
1681 00001110 14
1682 00001000 8
1683 00000010 2
1684 00001100 12
1685 00000110 6
1686 00000000 0
1687 00001001 9
1688 00000011 3
1689 00001101 13
1690 00000111 7
1691 00000001 1
1692 00001011 11
1693 00000101 5
1694 00001111 15
1695 00001001 9
1696 00000010 2
1697 00001100 12
1698 00000110 6
1699 00000000 0
1700 00001010 10
1701 00000100 4
1702 00001110 14
1703 00001000 8
1704 00000010 2
1705 00001011 11
1706 00000101 5
1707 00001111 15
1708 00001001 9
1709 00000011 3
1710 00001101 13
1711 00000111 7
1712 00000001 1
1713 00001011 11
1714 00000100 4
1715 00001110 14
1716 00001000 8
1717 00000010 2
1718 00001100 12
1719 00000110 6
1720 00000000 0
1721 00001010 10
1722 00000100 4
1723 00001101 13
1724 00000111 7
1725 00000001 1
1726 00001011 11
1727 00000101 5
1728 00001111 15
1729 00001001 9
1730 00000011 3
1731 00001101 13
1732 00000110 6
1733 00000000 0
1734 00001010 10
1735 00000100 4
1736 00001110 14
1737 00001000 8
1738 00000010 2
1739 00001100 12
1740 00000110 6
1741 00001111 15
1742 00001001 9
1743 00000011 3
1744 00001101 13
1745 00000111 7
1746 00000001 1
1747 00001011 11
1748 00000101 5
1749 00001111 15
1750 00001000 8
1751 00000010 2
1752 00001100 12
1753 00000110 6
1754 00000000 0
1755 00001010 10
1756 00000100 4
1757 00001110 14
1758 00001000 8
1759 00000001 1
1760 00001011 11
1761 00000101 5
1762 00001111 15
1763 00001001 9
1764 00000011 3
1765 00001101 13
1766 00000111 7
1767 00000001 1
1768 00001010 10
1769 00000100 4
1770 00001110 14
1771 00001000 8
1772 00000010 2
1773 00001100 12
1774 00000110 6
1775 00000000 0
1776 00001010 10
1777 00000011 3
1778 00001101 13
1779 00000111 7
1780 00000001 1
1781 00001011 11
1782 00000101 5
1783 00001111 15
1784 00001001 9
1785 00000011 3
1786 00001100 12
1787 00000110 6
1788 00000000 0
1789 00001010 10
1790 00000100 4
1791 00001110 14
1792 00001000 8
1793 00000010 2
1794 00001100 12
1795 00000101 5
1796 00001111 15
1797 00001001 9
1798 00000011 3
1799 00001101 13
1800 00000111 7
1801 00000001 1
1802 00001011 11
1803 00000101 5
1804 00001110 14
1805 00001000 8
1806 00000010 2
1807 00001100 12
1808 00000110 6
1809 00000000 0
1810 00001010 10
1811 00000100 4
1812 00001110 14
1813 00000111 7
1814 00000001 1
1815 00001011 11
1816 00000101 5
1817 00001111 15
1818 00001001 9
1819 00000011 3
1820 00001101 13
1821 00000111 7
1822 00000000 0
1823 00001010 10
1824 00000100 4
1825 00001110 14
1826 00001000 8
1827 00000010 2
1828 00001100 12
1829 00000110 6
1830 00000000 0
1831 00001001 9
1832 00000011 3
1833 00001101 13
1834 00000111 7
1835 00000001 1
1836 00001011 11
1837 00000101 5
1838 00001111 15
1839 00001001 9
1840 00000010 2
1841 00001100 12
1842 00000110 6
1843 00000000 0
1844 00001010 10
1845 00000100 4
1846 00001110 14
1847 00001000 8
1848 00000010 2
1849 00001011 11
1850 00000101 5
1851 00001111 15
1852 00001001 9
1853 00000011 3
1854 00001101 13
1855 00000111 7
1856 00000001 1
1857 00001011 11
1858 00000100 4
1859 00001110 14
1860 00001000 8
1861 00000010 2
1862 00001100 12
1863 00000110 6
1864 00000000 0
1865 00001010 10
1866 00000100 4
1867 00001101 13
1868 00000111 7
1869 00000001 1
1870 00001011 11
1871 00000101 5
1872 00001111 15
1873 00001001 9
1874 00000011 3
1875 00001101 13
1876 00000110 6
1877 00000000 0
1878 00001010 10
1879 00000100 4
1880 00001110 14
1881 00001000 8
1882 00000010 2
1883 00001100 12
1884 00000110 6
1885 00001111 15
1886 00001001 9
1887 00000011 3
1888 00001101 13
1889 00000111 7
1890 00000001 1
1891 00001011 11
1892 00000101 5
1893 00001111 15
1894 00001000 8
1895 00000010 2
1896 00001100 12
1897 00000110 6
1898 00000000 0
1899 00001010 10
1900 00000100 4
1901 00001110 14
1902 00001000 8
1903 00000001 1
1904 00001011 11
1905 00000101 5
1906 00001111 15
1907 00001001 9
1908 00000011 3
1909 00001101 13
1910 00000111 7
1911 00000001 1
1912 00001010 10
1913 00000100 4
1914 00001110 14
1915 00001000 8
1916 00000010 2
1917 00001100 12
1918 00000110 6
1919 00000000 0
1920 00001010 10
1921 00000011 3
1922 00001101 13
1923 00000111 7
1924 00000001 1
1925 00001011 11
1926 00000101 5
1927 00001111 15
1928 00001001 9
1929 00000011 3
1930 00001100 12
1931 00000110 6
1932 00000000 0
1933 00001010 10
1934 00000100 4
1935 00001110 14
1936 00001000 8
1937 00000010 2
1938 00001011 11
1939 00000101 5
1940 00001111 15
1941 00001001 9
1942 00000011 3
1943 00001101 13
1944 00000111 7
1945 00000001 1
1946 00001011 11
1947 00000100 4
1948 00001110 14
1949 00001000 8
1950 00000010 2
1951 00001100 12
1952 00000110 6
1953 00000000 0
1954 00001010 10
1955 00000100 4
1956 00001101 13
1957 00000111 7
1958 00000001 1
1959 00001011 11
1960 00000101 5
1961 00001111 15
1962 00001001 9
1963 00000011 3
1964 00001101 13
1965 00000110 6
1966 00000000 0
1967 00001010 10
1968 00000100 4
1969 00001110 14
1970 00001000 8
1971 00000010 2
1972 00001100 12
1973 00000110 6
1974 00001111 15
1975 00001001 9
1976 00000011 3
1977 00001101 13
1978 00000111 7
1979 00000001 1
1980 00001011 11
1981 00000101 5
1982 00001111 15
1983 00001000 8
1984 00000010 2
1985 00001100 12
1986 00000110 6
1987 00000000 0
1988 00001010 10
1989 00000100 4
1990 00001110 14
1991 00001000 8
1992 00000001 1
1993 00001011 11
1994 00000101 5
1995 00001111 15
1996 00001001 9
1997 00000011 3
1998 00001101 13
1999 00000111 7
2000 00000001 1
2001 00001010 10
2002 00000100 4
2003 00001110 14
2004 00001000 8
2005 00000010 2
2006 00001100 12
2007 00000110 6
2008 00000000 0
2009 00001010 10
2010 00000011 3
2011 00001101 13
2012 00000111 7
2013 00000001 1
2014 00001011 11
2015 00000101 5
2016 00001111 15
2017 00001001 9
2018 00000011 3
2019 00001100 12
2020 00000110 6
2021 00000000 0
2022 00001010 10
2023 00000100 4
2024 00001110 14
2025 00001000 8
2026 00000010 2
2027 00001100 12
2028 00000101 5
2029 00001111 15
2030 00001001 9
2031 00000011 3
2032 00001101 13
2033 00000111 7
2034 00000001 1
2035 00001011 11
2036 00000101 5
2037 00001110 14
2038 00001000 8
2039 00000010 2
2040 00001100 12
2041 00000110 6
2042 00000000 0
2043 00001010 10
2044 00000100 4
2045 00001110 14
2046 00000111 7
2047 00000001 1

