0 0100 4
1 1101 13
2 0111 7
3 1100 12
4 1001 9
5 1011 11
6 1111 15
7 0101 5
8 1011 11
9 1100 12
10 0000 0
11 0111 7
12 0100 4
13 1000 8
14 0011 3
15 1111 15
16 0110 6
17 0110 6
18 1010 10
19 1000 8
20 0101 5
21 0101 5
22 1111 15
23 0010 2
24 0100 4
25 0100 4
26 0100 4
27 1110 14
28 1100 12
29 0111 7
30 0110 6
31 1000 8
32 0001 1
33 1100 12
34 1101 13
35 1111 15
36 1001 9
37 0101 5
38 1100 12
39 0011 3
40 1110 14
41 0011 3
42 0010 2
43 1010 10
44 1100 12
45 0000 0
46 1011 11
47 1000 8
48 1100 12
49 0110 6
50 0011 3
51 0000 0
52 0101 5
53 1110 14
54 0111 7
55 1111 15
56 1011 11
57 0001 1
58 0111 7
59 0101 5
60 1000 8
61 1111 15
62 0010 2
63 1100 12
64 0111 7
65 0101 5
66 0101 5
67 0101 5
68 0011 3
69 1010 10
70 0011 3
71 0110 6
72 0010 2
73 0011 3
74 1001 9
75 1001 9
76 1110 14
77 1000 8
78 0100 4
79 1111 15
80 0000 0
81 0000 0
82 1101 13
83 1101 13
84 1011 11
85 1001 9
86 0011 3
87 0101 5
88 0110 6
89 1000 8
90 1001 9
91 1011 11
92 0011 3
93 1001 9
94 1001 9
95 0110 6
96 0111 7
97 0110 6
98 1001 9
99 1101 13
100 0010 2
101 1010 10
102 0011 3
103 0000 0
104 0111 7
105 0011 3
106 1010 10
107 1011 11
108 0010 2
109 0100 4
110 1000 8
111 1011 11
112 0010 2
113 0110 6
114 0000 0
115 1011 11
116 0000 0
117 0110 6
118 0011 3
119 0010 2
120 1111 15
121 1111 15
122 1010 10
123 1100 12
124 1000 8
125 0111 7
126 0011 3
127 0110 6
128 0101 5
129 1000 8
130 1000 8
131 1111 15
132 1000 8
133 1111 15
134 0100 4
135 1011 11
136 0110 6
137 0111 7
138 0011 3
139 1010 10
140 1100 12
141 0000 0
142 1011 11
143 1100 12
144 0101 5
145 0100 4
146 0110 6
147 0010 2
148 1010 10
149 0111 7
150 0011 3
151 1000 8
152 0001 1
153 1100 12
154 0000 0
155 1000 8
156 0000 0
157 0000 0
158 0111 7
159 1110 14
160 1111 15
161 1110 14
162 0101 5
163 1101 13
164 1111 15
165 0011 3
166 1010 10
167 1101 13
168 1110 14
169 0000 0
170 0001 1
171 1101 13
172 0000 0
173 1110 14
174 0100 4
175 0110 6
176 0001 1
177 1000 8
178 1000 8
179 0010 2
180 0001 1
181 0101 5
182 0111 7
183 0110 6
184 1101 13
185 1100 12
186 0110 6
187 1100 12
188 0110 6
189 0100 4
190 0110 6
191 0111 7
192 1010 10
193 0010 2
194 0111 7
195 1000 8
196 1010 10
197 0101 5
198 1110 14
199 1111 15
200 1011 11
201 0100 4
202 1111 15
203 1011 11
204 1000 8
205 0010 2
206 1101 13
207 1001 9
208 1101 13
209 0110 6
210 0100 4
211 0101 5
212 1011 11
213 0001 1
214 0100 4
215 0010 2
216 0000 0
217 1111 15
218 0001 1
219 1100 12
220 1000 8
221 0011 3
222 0111 7
223 0100 4
224 0010 2
225 1001 9
226 0001 1
227 1100 12
228 0000 0
229 1011 11
230 1110 14
231 0100 4
232 1001 9
233 0101 5
234 0100 4
235 0111 7
236 0110 6
237 1010 10
238 1101 13
239 0110 6
240 1001 9
241 0010 2
242 1111 15
243 1001 9
244 1001 9
245 1111 15
246 0010 2
247 0111 7
248 0111 7
249 1001 9
250 1110 14
251 0110 6
252 1101 13
253 0000 0
254 0111 7
255 0101 5
256 1010 10
257 0000 0
258 1010 10
259 0101 5
260 0010 2
261 0110 6
262 0110 6
263 0110 6
264 1110 14
265 1110 14
266 1110 14
267 0001 1
268 1000 8
269 0101 5
270 1000 8
271 0011 3
272 1001 9
273 0111 7
274 1001 9
275 1101 13
276 0111 7
277 0000 0
278 1111 15
279 1001 9
280 0010 2
281 1000 8
282 0001 1
283 1111 15
284 1111 15
285 0100 4
286 1000 8
287 0000 0
288 0100 4
289 1001 9
290 0101 5
291 0100 4
292 1010 10
293 1000 8
294 0110 6
295 1001 9
296 1101 13
297 1001 9
298 0001 1
299 1111 15
300 0010 2
301 1111 15
302 0011 3
303 0011 3
304 0101 5
305 0111 7
306 1011 11
307 1101 13
308 1001 9
309 1111 15
310 0110 6
311 1110 14
312 1111 15
313 1100 12
314 1010 10
315 0110 6
316 0010 2
317 1100 12
318 1000 8
319 1101 13
320 0110 6
321 0010 2
322 1101 13
323 0010 2
324 1010 10
325 1000 8
326 1110 14
327 0010 2
328 1110 14
329 1101 13
330 1110 14
331 0100 4
332 1011 11
333 1111 15
334 1000 8
335 1001 9
336 0010 2
337 0001 1
338 0101 5
339 0111 7
340 1001 9
341 0010 2
342 0111 7
343 0111 7
344 1001 9
345 1110 14
346 0000 0
347 0001 1
348 0001 1
349 1011 11
350 1000 8
351 0101 5
352 1011 11
353 0010 2
354 0000 0
355 0011 3
356 0110 6
357 0011 3
358 0011 3
359 1011 11
360 0101 5
361 1000 8
362 1000 8
363 1101 13
364 0001 1
365 0000 0
366 0101 5
367 1101 13
368 1110 14
369 1110 14
370 0110 6
371 1010 10
372 1000 8
373 1011 11
374 1010 10
375 0111 7
376 0011 3
377 0101 5
378 0101 5
379 0011 3
380 0011 3
381 1010 10
382 0001 1
383 1001 9
384 0011 3
385 1100 12
386 1111 15
387 0100 4
388 1011 11
389 0001 1
390 1010 10
391 0100 4
392 0000 0
393 0011 3
394 0001 1
395 1101 13
396 0100 4
397 1011 11
398 0110 6
399 0011 3
400 1010 10
401 1110 14
402 1110 14
403 1111 15
404 0010 2
405 0101 5
406 1110 14
407 1101 13
408 0000 0
409 0011 3
410 1100 12
411 0010 2
412 1110 14
413 0111 7
414 0100 4
415 0011 3
416 0111 7
417 1101 13
418 1101 13
419 1100 12
420 0000 0
421 1110 14
422 1100 12
423 1110 14
424 0110 6
425 1111 15
426 0011 3
427 0111 7
428 1000 8
429 1110 14
430 1101 13
431 1001 9
432 0101 5
433 0110 6
434 1110 14
435 0001 1
436 1011 11
437 1110 14
438 1101 13
439 1000 8
440 1111 15
441 0110 6
442 0101 5
443 1000 8
444 0100 4
445 1000 8
446 1100 12
447 1011 11
448 1100 12
449 1011 11
450 1010 10
451 0011 3
452 0001 1
453 0000 0
454 0011 3
455 0011 3
456 0111 7
457 1110 14
458 0111 7
459 0010 2
460 1110 14
461 0100 4
462 0111 7
463 0010 2
464 1011 11
465 0110 6
466 0100 4
467 1101 13
468 1010 10
469 0100 4
470 1101 13
471 1001 9
472 1100 12
473 0001 1
474 1011 11
475 1001 9
476 0111 7
477 0110 6
478 0000 0
479 1000 8
480 1111 15
481 1110 14
482 0110 6
483 0101 5
484 0001 1
485 1010 10
486 0000 0
487 1101 13
488 1110 14
489 1000 8
490 1111 15
491 1110 14
492 0000 0
493 0000 0
494 0111 7
495 1110 14
496 0001 1
497 0001 1
498 1110 14
499 1101 13
500 0111 7
501 0101 5
502 0111 7
503 0101 5
504 0011 3
505 1101 13
506 1010 10
507 0010 2
508 0111 7
509 1110 14
510 1110 14
511 1100 12
512 1001 9
513 1110 14
514 1100 12
515 0111 7
516 0110 6
517 1111 15
518 1010 10
519 0000 0
520 0000 0
521 0011 3
522 1100 12
523 0101 5
524 0001 1
525 1010 10
526 1010 10
527 1011 11
528 1110 14
529 0110 6
530 0001 1
531 0000 0
532 0111 7
533 1011 11
534 1010 10
535 1101 13
536 0011 3
537 0111 7
538 1000 8
539 0000 0
540 0011 3
541 1110 14
542 0010 2
543 0111 7
544 0100 4
545 1100 12
546 1111 15
547 0111 7
548 0101 5
549 0000 0
550 0100 4
551 1010 10
552 0111 7
553 1101 13
554 0100 4
555 1001 9
556 0001 1
557 1100 12
558 0000 0
559 1111 15
560 1000 8
561 1011 11
562 1011 11
563 0010 2
564 1011 11
565 1010 10
566 0110 6
567 0101 5
568 1110 14
569 0001 1
570 0011 3
571 0100 4
572 0101 5
573 1110 14
574 1110 14
575 0000 0
576 0011 3
577 0011 3
578 1000 8
579 1011 11
580 0011 3
581 1011 11
582 1100 12
583 1010 10
584 0110 6
585 1110 14
586 0100 4
587 1110 14
588 1111 15
589 0100 4
590 0110 6
591 1000 8
592 0100 4
593 0000 0
594 1111 15
595 0101 5
596 0010 2
597 1000 8
598 0111 7
599 1001 9
600 0100 4
601 1110 14
602 0010 2
603 0100 4
604 1001 9
605 0000 0
606 1111 15
607 1100 12
608 1101 13
609 0000 0
610 0101 5
611 0101 5
612 1011 11
613 1011 11
614 1001 9
615 0100 4
616 1000 8
617 1010 10
618 0110 6
619 0110 6
620 1101 13
621 0001 1
622 0010 2
623 0101 5
624 0100 4
625 0110 6
626 0110 6
627 1100 12
628 0111 7
629 0001 1
630 1000 8
631 1010 10
632 0011 3
633 1011 11
634 0011 3
635 0011 3
636 0010 2
637 1010 10
638 0000 0
639 1111 15
640 0011 3
641 0010 2
642 0001 1
643 1001 9
644 1000 8
645 1100 12
646 0001 1
647 0110 6
648 0110 6
649 1100 12
650 0000 0
651 1011 11
652 0101 5
653 1000 8
654 1001 9
655 0111 7
656 1100 12
657 1110 14
658 1010 10
659 0100 4
660 1000 8
661 1000 8
662 0001 1
663 0111 7
664 1111 15
665 1000 8
666 0111 7
667 0101 5
668 1000 8
669 0111 7
670 1101 13
671 1110 14
672 0100 4
673 0001 1
674 1000 8
675 1001 9
676 0000 0
677 1000 8
678 0111 7
679 1101 13
680 0010 2
681 0011 3
682 0000 0
683 0010 2
684 1010 10
685 1110 14
686 1000 8
687 0000 0
688 1010 10
689 0011 3
690 0110 6
691 1010 10
692 0000 0
693 0000 0
694 1010 10
695 1001 9
696 0011 3
697 1111 15
698 0011 3
699 0101 5
700 1100 12
701 1010 10
702 1100 12
703 0010 2
704 0100 4
705 1000 8
706 0111 7
707 0101 5
708 1011 11
709 0110 6
710 0001 1
711 1011 11
712 1001 9
713 1110 14
714 0111 7
715 0111 7
716 0111 7
717 0110 6
718 1010 10
719 0010 2
720 1110 14
721 0000 0
722 0110 6
723 1110 14
724 1110 14
725 0110 6
726 1010 10
727 0110 6
728 1011 11
729 0100 4
730 1101 13
731 0001 1
732 1001 9
733 0110 6
734 1101 13
735 1011 11
736 1010 10
737 0000 0
738 1111 15
739 0001 1
740 0111 7
741 0101 5
742 1110 14
743 0000 0
744 1011 11
745 1010 10
746 0010 2
747 1010 10
748 1000 8
749 0001 1
750 0111 7
751 0011 3
752 0110 6
753 0110 6
754 0011 3
755 1101 13
756 1110 14
757 1100 12
758 1110 14
759 0011 3
760 0000 0
761 0011 3
762 0100 4
763 1100 12
764 1011 11
765 1010 10
766 0101 5
767 0000 0
768 0100 4
769 1011 11
770 0101 5
771 1010 10
772 0100 4
773 0000 0
774 1011 11
775 1000 8
776 1000 8
777 1011 11
778 0111 7
779 0011 3
780 0111 7
781 0001 1
782 1011 11
783 1001 9
784 0101 5
785 1111 15
786 1011 11
787 0111 7
788 0110 6
789 1111 15
790 0000 0
791 1001 9
792 1100 12
793 0010 2
794 0001 1
795 1110 14
796 0010 2
797 0110 6
798 1101 13
799 0001 1
800 1111 15
801 0001 1
802 0011 3
803 0000 0
804 1011 11
805 1110 14
806 1100 12
807 1101 13
808 1111 15
809 0011 3
810 1110 14
811 0010 2
812 1101 13
813 0100 4
814 0011 3
815 1010 10
816 1101 13
817 0101 5
818 1001 9
819 0100 4
820 1011 11
821 1100 12
822 1010 10
823 0110 6
824 1000 8
825 0110 6
826 1111 15
827 1000 8
828 1100 12
829 1010 10
830 1001 9
831 0111 7
832 0000 0
833 1000 8
834 0100 4
835 1001 9
836 1001 9
837 1001 9
838 1011 11
839 1101 13
840 1100 12
841 1101 13
842 1101 13
843 1010 10
844 0010 2
845 1000 8
846 1110 14
847 0001 1
848 1111 15
849 1010 10
850 0001 1
851 1000 8
852 1101 13
853 0101 5
854 0111 7
855 1110 14
856 0001 1
857 0011 3
858 0110 6
859 1101 13
860 1100 12
861 1000 8
862 1101 13
863 1000 8
864 0010 2
865 1101 13
866 0011 3
867 1000 8
868 1101 13
869 0010 2
870 1011 11
871 1001 9
872 1011 11
873 0001 1
874 1100 12
875 1000 8
876 1001 9
877 0001 1
878 1100 12
879 1011 11
880 1001 9
881 0111 7
882 0010 2
883 1100 12
884 0011 3
885 1111 15
886 0011 3
887 0101 5
888 0000 0
889 1100 12
890 1010 10
891 1110 14
892 0111 7
893 0000 0
894 0101 5
895 0010 2
896 1100 12
897 1111 15
898 1110 14
899 1000 8
900 0000 0
901 0101 5
902 0100 4
903 0001 1
904 0010 2
905 1100 12
906 1010 10
907 1010 10
908 1000 8
909 0111 7
910 1111 15
911 1101 13
912 0000 0
913 1111 15
914 0000 0
915 1101 13
916 0111 7
917 1001 9
918 0101 5
919 0101 5
920 1110 14
921 1101 13
922 0111 7
923 1110 14
924 1001 9
925 0110 6
926 0001 1
927 0011 3
928 1010 10
929 0011 3
930 0011 3
931 0110 6
932 0000 0
933 1111 15
934 0010 2
935 1011 11
936 1010 10
937 1011 11
938 0011 3
939 1010 10
940 0000 0
941 0100 4
942 0101 5
943 1100 12
944 0101 5
945 0010 2
946 1110 14
947 1110 14
948 0101 5
949 1000 8
950 0011 3
951 1011 11
952 1000 8
953 1110 14
954 0010 2
955 1000 8
956 1111 15
957 0000 0
958 1110 14
959 1000 8
960 1111 15
961 1111 15
962 1010 10
963 0110 6
964 1111 15
965 1110 14
966 0100 4
967 1001 9
968 0111 7
969 0010 2
970 0010 2
971 1001 9
972 1111 15
973 1010 10
974 0001 1
975 0000 0
976 0010 2
977 1110 14
978 0100 4
979 0101 5
980 1101 13
981 1010 10
982 0010 2
983 1100 12
984 0101 5
985 0001 1
986 1101 13
987 1010 10
988 0001 1
989 1011 11
990 1100 12
991 1110 14
992 0111 7
993 0001 1
994 1101 13
995 0100 4
996 0110 6
997 0101 5
998 0101 5
999 0001 1
1000 1101 13
1001 0011 3
1002 1110 14
1003 1011 11
1004 1001 9
1005 0111 7
1006 1000 8
1007 1111 15
1008 0101 5
1009 1010 10
1010 0100 4
1011 0011 3
1012 1011 11
1013 0100 4
1014 0000 0
1015 1111 15
1016 1110 14
1017 1101 13
1018 0100 4
1019 1001 9
1020 1100 12
1021 0101 5
1022 0110 6
1023 1101 13
1024 0000 0
1025 1001 9
1026 0100 4
1027 1001 9
1028 0110 6
1029 0000 0
1030 0110 6
1031 0010 2
1032 0011 3
1033 0000 0
1034 0101 5
1035 1010 10
1036 0100 4
1037 1100 12
1038 1001 9
1039 1001 9
1040 1111 15
1041 1010 10
1042 1011 11
1043 1011 11
1044 1011 11
1045 0001 1
1046 0100 4
1047 0111 7
1048 1010 10
1049 0111 7
1050 1000 8
1051 0001 1
1052 1000 8
1053 1001 9
1054 1000 8
1055 0101 5
1056 1000 8
1057 1011 11
1058 1010 10
1059 0100 4
1060 1110 14
1061 1101 13
1062 0000 0
1063 0101 5
1064 1010 10
1065 1101 13
1066 0110 6
1067 1011 11
1068 1110 14
1069 0110 6
1070 0010 2
1071 0010 2
1072 1001 9
1073 0110 6
1074 0011 3
1075 0011 3
1076 0010 2
1077 1011 11
1078 1100 12
1079 1111 15
1080 1011 11
1081 0101 5
1082 1000 8
1083 1010 10
1084 1000 8
1085 0000 0
1086 1101 13
1087 0101 5
1088 0101 5
1089 1000 8
1090 0111 7
1091 1101 13
1092 1101 13
1093 1001 9
1094 1000 8
1095 1000 8
1096 1101 13
1097 0110 6
1098 1001 9
1099 0101 5
1100 1011 11
1101 1011 11
1102 0110 6
1103 1010 10
1104 0100 4
1105 0001 1
1106 1111 15
1107 1010 10
1108 0110 6
1109 1100 12
1110 0000 0
1111 0100 4
1112 0111 7
1113 1000 8
1114 0110 6
1115 1100 12
1116 0101 5
1117 1100 12
1118 0001 1
1119 1001 9
1120 0110 6
1121 0100 4
1122 0011 3
1123 0000 0
1124 0000 0
1125 1101 13
1126 1101 13
1127 0101 5
1128 0010 2
1129 1100 12
1130 1110 14
1131 0101 5
1132 0111 7
1133 1000 8
1134 0110 6
1135 1111 15
1136 0000 0
1137 1010 10
1138 1101 13
1139 1011 11
1140 1000 8
1141 1000 8
1142 1101 13
1143 0001 1
1144 1011 11
1145 0011 3
1146 0001 1
1147 1001 9
1148 0110 6
1149 0100 4
1150 0101 5
1151 0011 3
1152 1111 15
1153 1010 10
1154 1101 13
1155 0011 3
1156 1001 9
1157 0010 2
1158 1010 10
1159 1001 9
1160 0010 2
1161 1000 8
1162 0000 0
1163 1000 8
1164 1011 11
1165 0010 2
1166 0110 6
1167 1100 12
1168 1111 15
1169 1010 10
1170 0010 2
1171 1001 9
1172 0111 7
1173 1011 11
1174 1011 11
1175 0100 4
1176 0110 6
1177 0111 7
1178 1111 15
1179 0111 7
1180 1010 10
1181 1011 11
1182 1010 10
1183 0100 4
1184 1010 10
1185 0100 4
1186 0011 3
1187 1110 14
1188 1010 10
1189 1000 8
1190 0101 5
1191 1010 10
1192 0000 0
1193 1001 9
1194 0111 7
1195 0111 7
1196 1100 12
1197 0111 7
1198 1101 13
1199 1011 11
1200 1001 9
1201 1100 12
1202 0110 6
1203 1101 13
1204 0000 0
1205 0011 3
1206 1110 14
1207 1001 9
1208 1111 15
1209 0111 7
1210 0011 3
1211 1111 15
1212 0111 7
1213 0001 1
1214 1110 14
1215 1110 14
1216 1000 8
1217 1111 15
1218 0110 6
1219 0100 4
1220 0101 5
1221 1011 11
1222 1011 11
1223 1011 11
1224 0110 6
1225 0010 2
1226 0110 6
1227 1110 14
1228 1111 15
1229 0011 3
1230 0110 6
1231 1111 15
1232 1111 15
1233 1100 12
1234 1011 11
1235 0111 7
1236 1010 10
1237 0010 2
1238 1110 14
1239 1011 11
1240 0100 4
1241 1110 14
1242 1100 12
1243 1000 8
1244 1011 11
1245 0000 0
1246 0000 0
1247 1001 9
1248 0100 4
1249 0100 4
1250 0000 0
1251 1101 13
1252 0000 0
1253 1010 10
1254 1011 11
1255 0100 4
1256 0011 3
1257 1011 11
1258 0000 0
1259 0010 2
1260 1000 8
1261 0100 4
1262 1001 9
1263 1111 15
1264 1001 9
1265 1111 15
1266 1001 9
1267 0011 3
1268 1011 11
1269 1000 8
1270 1000 8
1271 0011 3
1272 1110 14
1273 1100 12
1274 1101 13
1275 1101 13
1276 0101 5
1277 1011 11
1278 1001 9
1279 0001 1
1280 0111 7
1281 1110 14
1282 1101 13
1283 0101 5
1284 0001 1
1285 0111 7
1286 0001 1
1287 0011 3
1288 1000 8
1289 1000 8
1290 0010 2
1291 1001 9
1292 1011 11
1293 0110 6
1294 1001 9
1295 0101 5
1296 0001 1
1297 0010 2
1298 1000 8
1299 1100 12
1300 0111 7
1301 1101 13
1302 1101 13
1303 1110 14
1304 0000 0
1305 1101 13
1306 1010 10
1307 0100 4
1308 1101 13
1309 1011 11
1310 0110 6
1311 0000 0
1312 0010 2
1313 0111 7
1314 1000 8
1315 0010 2
1316 0011 3
1317 1011 11
1318 1101 13
1319 1001 9
1320 0101 5
1321 1111 15
1322 0000 0
1323 1011 11
1324 1011 11
1325 0111 7
1326 0001 1
1327 1111 15
1328 1100 12
1329 0000 0
1330 0100 4
1331 1101 13
1332 0111 7
1333 1011 11
1334 1010 10
1335 0000 0
1336 0111 7
1337 0010 2
1338 1011 11
1339 1111 15
1340 0010 2
1341 1110 14
1342 1100 12
1343 0100 4
1344 0111 7
1345 0010 2
1346 0001 1
1347 0101 5
1348 0011 3
1349 0010 2
1350 1010 10
1351 1010 10
1352 0011 3
1353 1111 15
1354 0011 3
1355 1001 9
1356 0111 7
1357 0110 6
1358 0111 7
1359 1011 11
1360 1000 8
1361 1011 11
1362 0110 6
1363 1101 13
1364 1001 9
1365 1010 10
1366 0110 6
1367 0010 2
1368 0011 3
1369 0110 6
1370 1010 10
1371 1011 11
1372 1011 11
1373 1010 10
1374 0000 0
1375 1111 15
1376 0100 4
1377 0100 4
1378 0111 7
1379 1001 9
1380 0101 5
1381 1011 11
1382 0001 1
1383 1011 11
1384 0100 4
1385 0001 1
1386 0101 5
1387 1100 12
1388 1100 12
1389 0100 4
1390 0100 4
1391 0010 2
1392 0111 7
1393 1110 14
1394 1101 13
1395 1101 13
1396 1011 11
1397 0101 5
1398 1011 11
1399 0000 0
1400 0011 3
1401 0001 1
1402 1110 14
1403 0011 3
1404 1110 14
1405 0000 0
1406 0110 6
1407 1101 13
1408 1110 14
1409 0011 3
1410 0101 5
1411 1101 13
1412 0001 1
1413 0000 0
1414 1100 12
1415 0001 1
1416 1010 10
1417 1010 10
1418 1110 14
1419 0100 4
1420 1000 8
1421 1011 11
1422 0000 0
1423 1010 10
1424 1001 9
1425 0100 4
1426 0010 2
1427 1110 14
1428 1110 14
1429 1000 8
1430 1010 10
1431 0000 0
1432 1000 8
1433 0001 1
1434 0000 0
1435 1111 15
1436 0101 5
1437 1000 8
1438 0000 0
1439 1110 14
1440 0110 6
1441 0011 3
1442 0101 5
1443 1001 9
1444 0000 0
1445 0000 0
1446 1000 8
1447 0000 0
1448 0011 3
1449 1111 15
1450 1110 14
1451 0000 0
1452 0100 4
1453 1010 10
1454 1011 11
1455 1100 12
1456 0111 7
1457 0110 6
1458 0110 6
1459 1001 9
1460 0001 1
1461 1010 10
1462 1000 8
1463 1000 8
1464 1100 12
1465 0100 4
1466 1100 12
1467 0111 7
1468 1010 10
1469 1011 11
1470 1011 11
1471 0010 2
1472 0111 7
1473 0011 3
1474 0111 7
1475 1100 12
1476 0101 5
1477 0101 5
1478 0000 0
1479 1001 9
1480 1011 11
1481 1001 9
1482 1000 8
1483 0000 0
1484 1101 13
1485 1101 13
1486 1101 13
1487 1011 11
1488 0100 4
1489 0101 5
1490 0100 4
1491 0101 5
1492 0111 7
1493 1001 9
1494 0011 3
1495 0000 0
1496 1111 15
1497 1101 13
1498 1000 8
1499 1101 13
1500 1000 8
1501 1110 14
1502 0001 1
1503 1111 15
1504 0001 1
1505 0000 0
1506 0101 5
1507 1000 8
1508 1000 8
1509 1000 8
1510 0010 2
1511 1001 9
1512 0110 6
1513 0011 3
1514 1010 10
1515 0001 1
1516 1101 13
1517 1000 8
1518 0111 7
1519 1000 8
1520 0111 7
1521 0100 4
1522 1100 12
1523 0111 7
1524 0111 7
1525 0011 3
1526 1010 10
1527 1000 8
1528 0101 5
1529 0011 3
1530 1100 12
1531 1100 12
1532 1101 13
1533 1000 8
1534 1011 11
1535 0000 0
1536 1010 10
1537 1111 15
1538 1000 8
1539 1001 9
1540 1111 15
1541 1001 9
1542 1010 10
1543 0010 2
1544 1101 13
1545 1011 11
1546 0100 4
1547 0111 7
1548 1000 8
1549 0110 6
1550 0111 7
1551 0110 6
1552 1110 14
1553 1011 11
1554 1011 11
1555 1011 11
1556 0010 2
1557 1101 13
1558 1100 12
1559 0000 0
1560 0011 3
1561 0100 4
1562 1010 10
1563 1110 14
1564 0100 4
1565 1001 9
1566 0111 7
1567 1110 14
1568 0001 1
1569 1110 14
1570 0110 6
1571 1011 11
1572 0001 1
1573 0110 6
1574 0010 2
1575 0110 6
1576 0011 3
1577 1101 13
1578 0000 0
1579 0011 3
1580 0101 5
1581 0000 0
1582 0011 3
1583 0110 6
1584 1100 12
1585 1100 12
1586 1001 9
1587 1110 14
1588 1011 11
1589 1110 14
1590 1010 10
1591 0010 2
1592 0001 1
1593 0100 4
1594 0111 7
1595 1000 8
1596 0101 5
1597 1010 10
1598 1100 12
1599 1111 15
1600 1110 14
1601 1010 10
1602 1111 15
1603 1100 12
1604 1000 8
1605 0111 7
1606 1000 8
1607 1010 10
1608 1001 9
1609 0010 2
1610 1011 11
1611 0100 4
1612 0010 2
1613 0001 1
1614 1001 9
1615 0110 6
1616 0111 7
1617 0111 7
1618 1000 8
1619 0011 3
1620 0111 7
1621 0000 0
1622 1010 10
1623 0010 2
1624 1100 12
1625 1100 12
1626 0101 5
1627 0001 1
1628 0100 4
1629 0000 0
1630 0101 5
1631 1100 12
1632 0010 2
1633 0101 5
1634 0010 2
1635 1100 12
1636 1111 15
1637 1100 12
1638 1110 14
1639 0000 0
1640 0001 1
1641 0110 6
1642 1010 10
1643 1100 12
1644 1000 8
1645 1011 11
1646 0010 2
1647 0011 3
1648 1101 13
1649 0010 2
1650 0000 0
1651 1010 10
1652 0011 3
1653 0001 1
1654 0110 6
1655 1111 15
1656 0100 4
1657 0100 4
1658 0000 0
1659 1000 8
1660 0011 3
1661 0101 5
1662 1110 14
1663 1000 8
1664 1001 9
1665 0000 0
1666 1000 8
1667 0100 4
1668 0110 6
1669 1100 12
1670 0110 6
1671 1010 10
1672 0000 0
1673 0100 4
1674 1010 10
1675 1111 15
1676 1100 12
1677 0010 2
1678 1011 11
1679 1110 14
1680 1001 9
1681 1110 14
1682 0011 3
1683 0010 2
1684 0010 2
1685 0110 6
1686 1000 8
1687 0011 3
1688 1000 8
1689 1100 12
1690 0000 0
1691 1011 11
1692 1101 13
1693 1011 11
1694 1011 11
1695 0100 4
1696 1101 13
1697 1001 9
1698 1000 8
1699 1101 13
1700 1010 10
1701 0010 2
1702 1110 14
1703 0101 5
1704 1000 8
1705 1110 14
1706 0111 7
1707 0011 3
1708 0111 7
1709 1010 10
1710 0001 1
1711 1010 10
1712 1011 11
1713 0101 5
1714 1001 9
1715 1000 8
1716 0011 3
1717 1011 11
1718 1000 8
1719 0101 5
1720 0001 1
1721 1011 11
1722 1110 14
1723 0111 7
1724 0000 0
1725 0111 7
1726 1001 9
1727 1100 12
1728 0000 0
1729 1111 15
1730 1101 13
1731 1001 9
1732 1000 8
1733 1100 12
1734 0011 3
1735 1110 14
1736 0101 5
1737 1110 14
1738 0011 3
1739 0001 1
1740 1011 11
1741 1101 13
1742 0001 1
1743 0000 0
1744 0101 5
1745 1010 10
1746 1011 11
1747 0100 4
1748 1001 9
1749 1110 14
1750 0100 4
1751 1110 14
1752 1011 11
1753 0010 2
1754 1000 8
1755 0101 5
1756 0011 3
1757 0011 3
1758 1111 15
1759 1000 8
1760 1011 11
1761 0000 0
1762 0100 4
1763 1110 14
1764 0011 3
1765 0101 5
1766 1101 13
1767 0000 0
1768 0110 6
1769 1001 9
1770 1010 10
1771 1010 10
1772 0100 4
1773 0001 1
1774 1110 14
1775 1010 10
1776 0111 7
1777 1100 12
1778 0110 6
1779 1010 10
1780 0100 4
1781 0110 6
1782 1011 11
1783 0001 1
1784 0110 6
1785 1010 10
1786 1010 10
1787 1100 12
1788 1010 10
1789 1111 15
1790 1010 10
1791 1111 15
1792 1001 9
1793 1010 10
1794 0100 4
1795 1011 11
1796 1110 14
1797 0101 5
1798 1111 15
1799 0111 7
1800 1100 12
1801 0011 3
1802 1000 8
1803 0110 6
1804 1000 8
1805 1101 13
1806 1001 9
1807 1011 11
1808 1001 9
1809 0001 1
1810 1010 10
1811 0110 6
1812 0111 7
1813 1100 12
1814 1101 13
1815 0000 0
1816 1010 10
1817 1101 13
1818 0010 2
1819 1010 10
1820 1010 10
1821 0010 2
1822 1000 8
1823 0110 6
1824 0001 1
1825 1001 9
1826 0101 5
1827 0111 7
1828 1101 13
1829 1011 11
1830 1001 9
1831 0101 5
1832 1111 15
1833 0001 1
1834 0011 3
1835 1001 9
1836 0101 5
1837 1111 15
1838 0011 3
1839 0111 7
1840 0111 7
1841 0011 3
1842 0001 1
1843 0110 6
1844 0010 2
1845 1101 13
1846 1100 12
1847 0100 4
1848 0000 0
1849 0011 3
1850 1001 9
1851 1010 10
1852 0110 6
1853 0000 0
1854 1101 13
1855 1011 11
1856 0001 1
1857 1011 11
1858 1100 12
1859 1000 8
1860 1111 15
1861 1111 15
1862 0001 1
1863 1001 9
1864 0000 0
1865 1101 13
1866 0111 7
1867 1010 10
1868 0111 7
1869 1111 15
1870 1001 9
1871 1011 11
1872 1001 9
1873 0010 2
1874 1011 11
1875 0100 4
1876 0011 3
1877 1011 11
1878 0001 1
1879 1110 14
1880 0110 6
1881 0011 3
1882 1011 11
1883 1110 14
1884 0010 2
1885 0000 0
1886 0000 0
1887 1011 11
1888 0000 0
1889 1101 13
1890 0010 2
1891 0101 5
1892 1111 15
1893 0110 6
1894 0011 3
1895 0111 7
1896 1000 8
1897 0010 2
1898 1001 9
1899 1110 14
1900 1100 12
1901 1000 8
1902 1001 9
1903 0000 0
1904 0001 1
1905 0110 6
1906 1110 14
1907 1101 13
1908 0011 3
1909 1101 13
1910 1111 15
1911 1001 9
1912 1001 9
1913 1110 14
1914 0000 0
1915 1000 8
1916 1000 8
1917 1100 12
1918 0111 7
1919 0101 5
1920 0100 4
1921 1000 8
1922 0010 2
1923 1110 14
1924 0011 3
1925 0001 1
1926 1110 14
1927 0011 3
1928 0011 3
1929 0100 4
1930 1100 12
1931 0110 6
1932 0111 7
1933 1010 10
1934 1101 13
1935 0110 6
1936 0001 1
1937 1011 11
1938 1011 11
1939 0100 4
1940 0110 6
1941 1111 15
1942 0100 4
1943 0001 1
1944 0000 0
1945 1000 8
1946 0011 3
1947 1110 14
1948 0101 5
1949 0111 7
1950 0010 2
1951 1111 15
1952 1111 15
1953 1110 14
1954 1000 8
1955 1100 12
1956 1111 15
1957 0111 7
1958 0000 0
1959 1001 9
1960 0001 1
1961 0111 7
1962 0011 3
1963 1100 12
1964 1100 12
1965 1100 12
1966 0111 7
1967 0010 2
1968 1111 15
1969 0111 7
1970 1101 13
1971 0000 0
1972 1010 10
1973 0100 4
1974 0010 2
1975 0101 5
1976 0100 4
1977 0110 6
1978 1000 8
1979 0011 3
1980 1101 13
1981 1100 12
1982 0101 5
1983 0111 7
1984 0011 3
1985 1011 11
1986 1000 8
1987 0010 2
1988 0100 4
1989 0010 2
1990 1011 11
1991 1101 13
1992 0011 3
1993 1110 14
1994 0011 3
1995 1110 14
1996 0001 1
1997 0010 2
1998 1100 12
1999 1001 9
2000 0100 4
2001 0100 4
2002 0101 5
2003 0010 2
2004 0101 5
2005 1110 14
2006 1010 10
2007 0001 1
2008 1010 10
2009 0000 0
2010 1001 9
2011 1001 9
2012 1000 8
2013 0110 6
2014 0001 1
2015 0111 7
2016 0011 3
2017 0110 6
2018 0000 0
2019 0111 7
2020 1101 13
2021 0001 1
2022 0011 3
2023 1100 12
2024 0011 3
2025 1100 12
2026 1000 8
2027 1100 12
2028 0101 5
2029 1010 10
2030 0110 6
2031 0101 5
2032 1010 10
2033 1011 11
2034 1100 12
2035 1001 9
2036 1100 12
2037 1000 8
2038 1101 13
2039 0101 5
2040 1011 11
2041 0101 5
2042 1110 14
2043 0100 4
2044 1010 10
2045 0000 0
2046 0110 6
2047 0000 0

