0 0111 7
1 1110 14
2 0101 5
3 0000 0
4 1001 9
5 0110 6
6 0001 1
7 0101 5
8 1100 12
9 0000 0
10 1100 12
11 1001 9
12 0001 1
13 0000 0
14 0001 1
15 1000 8
16 0010 2
17 1111 15
18 0110 6
19 0101 5
20 0100 4
21 1101 13
22 0011 3
23 1111 15
24 1010 10
25 1110 14
26 1010 10
27 0010 2
28 1110 14
29 1101 13
30 0110 6
31 0001 1
32 1101 13

10 1100 12
17 1111 15
9 0000 0
20 0100 4
2 0101 5
28 1110 14
15 1000 8
23 1111 15
19 0101 5
21 1101 13
5 0110 6
30 0110 6
31 0001 1
24 1010 10
7 0101 5
27 0010 2
6 0001 1
12 0001 1
16 0010 2
0 0111 7
18 0110 6
8 1100 12
32 1101 13
22 0011 3
13 0000 0
26 1010 10
4 1001 9
1 1110 14
14 0001 1
11 1001 9
3 0000 0
29 1101 13
25 1110 14
